0 0 1
1.00000000 0.00000000 0.00000000 0.00000000
0.00000000 1.00000000 0.00000000 0.00000000
0.00000000 0.00000000 1.00000000 0.00000000
0.00000000 0.00000000 0.00000000 1.00000000
1 1 2
0.99999956 0.00068334 -0.00064854 -0.00916129
-0.00068317 0.99999973 0.00025643 -0.00031461
0.00064871 -0.00025598 0.99999976 0.00070111
0.00000000 0.00000000 0.00000000 1.00000000
2 2 3
0.99999915 0.00087107 -0.00097391 -0.01897635
-0.00087056 0.99999949 0.00051983 -0.00057973
0.00097436 -0.00051898 0.99999939 0.00062387
0.00000000 0.00000000 0.00000000 1.00000000
3 3 4
0.99999730 0.00159753 -0.00168522 -0.02830718
-0.00159656 0.99999856 0.00057329 -0.00061622
0.00168613 -0.00057059 0.99999842 0.00140105
0.00000000 0.00000000 0.00000000 1.00000000
4 4 5
0.99999407 0.00210929 -0.00272301 -0.03662607
-0.00210692 0.99999740 0.00087234 -0.00097696
0.00272485 -0.00086660 0.99999591 0.00201870
0.00000000 0.00000000 0.00000000 1.00000000
5 5 6
0.99999235 0.00261168 -0.00291081 -0.04676593
-0.00261004 0.99999643 0.00056636 -0.00084955
0.00291228 -0.00055876 0.99999560 0.00242247
0.00000000 0.00000000 0.00000000 1.00000000
6 6 7
0.99998273 0.00303523 -0.00503175 -0.05399159
-0.00303387 0.99999536 0.00027744 -0.00038050
0.00503257 -0.00026217 0.99998730 0.00365246
0.00000000 0.00000000 0.00000000 1.00000000
7 7 8
0.99997752 0.00314659 -0.00592078 -0.06276350
-0.00314157 0.99999470 0.00085670 -0.00102512
0.00592344 -0.00083808 0.99998211 0.00405167
0.00000000 0.00000000 0.00000000 1.00000000
8 8 9
0.99997037 0.00366761 -0.00676776 -0.07174643
-0.00366043 0.99999272 0.00107295 -0.00134611
0.00677165 -0.00104815 0.99997652 0.00447051
0.00000000 0.00000000 0.00000000 1.00000000
9 9 10
0.99996115 0.00429443 -0.00769825 -0.08072990
-0.00428768 0.99999041 0.00089301 -0.00103745
0.00770201 -0.00085997 0.99996997 0.00530619
0.00000000 0.00000000 0.00000000 1.00000000
10 10 11
0.99995190 0.00466353 -0.00862782 -0.08939223
-0.00465322 0.99998844 0.00121420 -0.00152188
0.00863338 -0.00117400 0.99996204 0.00601744
0.00000000 0.00000000 0.00000000 1.00000000
11 11 12
0.99994641 0.00508770 -0.00901658 -0.09928513
-0.00507694 0.99998637 0.00121622 -0.00174197
0.00902264 -0.00117037 0.99995861 0.00644856
0.00000000 0.00000000 0.00000000 1.00000000
12 12 13
0.99991684 0.00550566 -0.01166176 -0.10596185
-0.00549299 0.99998429 0.00111776 -0.00142554
0.01166773 -0.00105361 0.99993137 0.00844843
0.00000000 0.00000000 0.00000000 1.00000000
13 13 14
0.99990494 0.00601412 -0.01240735 -0.11497188
-0.00600373 0.99998159 0.00087466 -0.00125504
0.01241239 -0.00080009 0.99992264 0.00895168
0.00000000 0.00000000 0.00000000 1.00000000
14 14 15
0.99989688 0.00665436 -0.01272626 -0.12483481
-0.00664417 0.99997757 0.00084320 -0.00132443
0.01273158 -0.00075856 0.99991866 0.00908322
0.00000000 0.00000000 0.00000000 1.00000000
15 15 16
0.99988383 0.00719381 -0.01343764 -0.13420329
-0.00718308 0.99997384 0.00084672 -0.00133057
0.01344338 -0.00075010 0.99990935 0.00847117
0.00000000 0.00000000 0.00000000 1.00000000
16 16 17
0.99987084 0.00762455 -0.01414794 -0.14341996
-0.00760652 0.99997019 0.00132733 -0.00184178
0.01415764 -0.00121954 0.99989903 0.00880085
0.00000000 0.00000000 0.00000000 1.00000000
17 17 18
0.99985314 0.00802060 -0.01514461 -0.15208532
-0.00799996 0.99996699 0.00142266 -0.00207219
0.01515552 -0.00130129 0.99988430 0.00972063
0.00000000 0.00000000 0.00000000 1.00000000
18 18 19
0.99981616 0.00824748 -0.01730976 -0.15937659
-0.00823331 0.99996571 0.00088946 -0.00139854
0.01731650 -0.00074678 0.99984978 0.01050483
0.00000000 0.00000000 0.00000000 1.00000000
19 19 20
0.99979988 0.00863309 -0.01804639 -0.16856726
-0.00861254 0.99996217 0.00121630 -0.00174928
0.01805620 -0.00106063 0.99983641 0.01077401
0.00000000 0.00000000 0.00000000 1.00000000
20 20 21
0.99978335 0.00890147 -0.01881555 -0.17741596
-0.00887138 0.99995923 0.00168215 -0.00225674
0.01882975 -0.00151486 0.99982156 0.01128557
0.00000000 0.00000000 0.00000000 1.00000000
21 21 22
0.99976156 0.00957994 -0.01962286 -0.18685797
-0.00954712 0.99995287 0.00176561 -0.00222111
0.01963885 -0.00157785 0.99980589 0.01170925
0.00000000 0.00000000 0.00000000 1.00000000
22 22 23
0.99975333 0.00959284 -0.02003135 -0.19664389
-0.00954660 0.99995154 0.00240249 -0.00271431
0.02005342 -0.00221067 0.99979647 0.01178217
0.00000000 0.00000000 0.00000000 1.00000000
23 23 24
0.99973524 0.00983268 -0.02080325 -0.20541553
-0.00977390 0.99994796 0.00292523 -0.00316417
0.02083093 -0.00272112 0.99977931 0.01198015
0.00000000 0.00000000 0.00000000 1.00000000
24 24 25
0.99972004 0.01002467 -0.02143250 -0.21480641
-0.00995556 0.99994490 0.00332902 -0.00360547
0.02146469 -0.00311472 0.99976476 0.01232732
0.00000000 0.00000000 0.00000000 1.00000000
25 25 26
0.99970846 0.01057481 -0.02170656 -0.22473144
-0.01050942 0.99993989 0.00312400 -0.00348105
0.02173829 -0.00289497 0.99975950 0.01250611
0.00000000 0.00000000 0.00000000 1.00000000
26 26 27
0.99969009 0.01075521 -0.02245120 -0.23374386
-0.01067975 0.99993692 0.00347841 -0.00388347
0.02248719 -0.00323756 0.99974189 0.01296252
0.00000000 0.00000000 0.00000000 1.00000000
27 27 28
0.99967526 0.01092656 -0.02302119 -0.24320406
-0.01083922 0.99993359 0.00391548 -0.00422050
0.02306245 -0.00366468 0.99972731 0.01308876
0.00000000 0.00000000 0.00000000 1.00000000
28 28 29
0.99966554 0.01138431 -0.02322070 -0.25329585
-0.01129886 0.99992892 0.00380792 -0.00427422
0.02326240 -0.00354428 0.99972311 0.01331319
0.00000000 0.00000000 0.00000000 1.00000000
29 29 30
0.99964398 0.01163190 -0.02401254 -0.26226500
-0.01153557 0.99992487 0.00414633 -0.00463801
0.02405897 -0.00386786 0.99970306 0.01374777
0.00000000 0.00000000 0.00000000 1.00000000
30 30 31
0.99962649 0.01171068 -0.02469274 -0.27167293
-0.01159675 0.99992146 0.00475200 -0.00520283
0.02474645 -0.00446387 0.99968379 0.01391082
0.00000000 0.00000000 0.00000000 1.00000000
31 31 32
0.99960940 0.01235010 -0.02507050 -0.28136546
-0.01223777 0.99991440 0.00462877 -0.00506768
0.02512552 -0.00432016 0.99967497 0.01400289
0.00000000 0.00000000 0.00000000 1.00000000
32 32 33
0.99958675 0.01260839 -0.02583320 -0.29028069
-0.01247876 0.99990875 0.00517333 -0.00558546
0.02589607 -0.00484883 0.99965288 0.01437714
0.00000000 0.00000000 0.00000000 1.00000000
33 33 34
0.99958898 0.01293302 -0.02558523 -0.30119811
-0.01280752 0.99990516 0.00506315 -0.00535361
0.02564828 -0.00473338 0.99965982 0.01376799
0.00000000 0.00000000 0.00000000 1.00000000
34 34 35
0.99957256 0.01299085 -0.02619022 -0.31079677
-0.01284471 0.99990102 0.00574053 -0.00597448
0.02626220 -0.00540167 0.99964049 0.01391785
0.00000000 0.00000000 0.00000000 1.00000000
35 35 36
0.99954465 0.01339993 -0.02703562 -0.31962923
-0.01324223 0.99989429 0.00600377 -0.00627753
0.02711322 -0.00564303 0.99961644 0.01439301
0.00000000 0.00000000 0.00000000 1.00000000
36 36 37
0.99952227 0.01349235 -0.02780613 -0.32880473
-0.01332080 0.99989114 0.00634544 -0.00619477
0.02788872 -0.00597201 0.99959319 0.01457297
0.00000000 0.00000000 0.00000000 1.00000000
37 37 38
0.99949754 0.01404756 -0.02841372 -0.33822953
-0.01386998 0.99988308 0.00643747 -0.00630924
0.02850083 -0.00604014 0.99957552 0.01473421
0.00000000 0.00000000 0.00000000 1.00000000
38 38 39
0.99947049 0.01424817 -0.02925299 -0.34739035
-0.01404954 0.99987691 0.00698442 -0.00680802
0.02934890 -0.00656974 0.99954764 0.01497008
0.00000000 0.00000000 0.00000000 1.00000000
39 39 40
0.99943298 0.01446590 -0.03040497 -0.35560736
-0.01424715 0.99987113 0.00739905 -0.00688165
0.03050808 -0.00696167 0.99951028 0.01515561
0.00000000 0.00000000 0.00000000 1.00000000
40 40 41
0.99939582 0.01495788 -0.03137286 -0.36434968
-0.01471910 0.99986102 0.00782812 -0.00711835
0.03148559 -0.00736161 0.99947710 0.01544779
0.00000000 0.00000000 0.00000000 1.00000000
41 41 42
0.99936092 0.01511968 -0.03239042 -0.37331215
-0.01485674 0.99985483 0.00834293 -0.00769365
0.03251186 -0.00785638 0.99944047 0.01583762
0.00000000 0.00000000 0.00000000 1.00000000
42 42 43
0.99931794 0.01534488 -0.03358844 -0.38171684
-0.01506228 0.99984914 0.00865062 -0.00806541
0.03371611 -0.00813880 0.99939831 0.01637300
0.00000000 0.00000000 0.00000000 1.00000000
43 43 44
0.99928936 0.01585524 -0.03419620 -0.39116106
-0.01557805 0.99984373 0.00835730 -0.00772046
0.03432336 -0.00781865 0.99938020 0.01667741
0.00000000 0.00000000 0.00000000 1.00000000
44 44 45
0.99924445 0.01651902 -0.03518030 -0.39999064
-0.01622198 0.99983046 0.00871209 -0.00795397
0.03531826 -0.00813482 0.99934301 0.01733936
0.00000000 0.00000000 0.00000000 1.00000000
45 45 46
0.99920317 0.01685604 -0.03617871 -0.40874227
-0.01654518 0.99982373 0.00887462 -0.00817294
0.03632192 -0.00826897 0.99930593 0.01788911
0.00000000 0.00000000 0.00000000 1.00000000
46 46 47
0.99916298 0.01713601 -0.03714419 -0.41771919
-0.01680608 0.99981666 0.00917638 -0.00850341
0.03729462 -0.00854445 0.99926778 0.01824334
0.00000000 0.00000000 0.00000000 1.00000000
47 47 48
0.99912738 0.01727798 -0.03802555 -0.42658942
-0.01692303 0.99981036 0.00963663 -0.00848637
0.03818484 -0.00898472 0.99923030 0.01810313
0.00000000 0.00000000 0.00000000 1.00000000
48 48 49
0.99908652 0.01794437 -0.03878312 -0.43569949
-0.01756626 0.99979501 0.01006815 -0.00884503
0.03895584 -0.00937768 0.99919693 0.01860057
0.00000000 0.00000000 0.00000000 1.00000000
49 49 50
0.99905004 0.01796796 -0.03970111 -0.44454367
-0.01756332 0.99979043 0.01051746 -0.00883636
0.03988177 -0.00981018 0.99915625 0.01843801
0.00000000 0.00000000 0.00000000 1.00000000
50 50 51
0.99902359 0.01819705 -0.04025834 -0.45397629
-0.01775900 0.99977943 0.01121216 -0.00897503
0.04045349 -0.01048627 0.99912640 0.01836087
0.00000000 0.00000000 0.00000000 1.00000000
51 51 52
0.99898971 0.01847174 -0.04096762 -0.46330074
-0.01799671 0.99976682 0.01193399 -0.00918779
0.04117850 -0.01118465 0.99908920 0.01848238
0.00000000 0.00000000 0.00000000 1.00000000
52 52 53
0.99894997 0.01868588 -0.04183052 -0.47213758
-0.01818211 0.99975790 0.01239135 -0.00926742
0.04205194 -0.01161777 0.99904788 0.01857700
0.00000000 0.00000000 0.00000000 1.00000000
53 53 54
0.99888846 0.01868601 -0.04327436 -0.48044748
-0.01819616 0.99976614 0.01168595 -0.00844443
0.04348261 -0.01088554 0.99899488 0.01917338
0.00000000 0.00000000 0.00000000 1.00000000
54 54 55
0.99885473 0.01899185 -0.04391508 -0.49004943
-0.01846298 0.99975243 0.01241748 -0.00871539
0.04414004 -0.01159245 0.99895809 0.01921134
0.00000000 0.00000000 0.00000000 1.00000000
55 55 56
0.99881806 0.01929790 -0.04461020 -0.49924855
-0.01872745 0.99973788 0.01317040 -0.00939992
0.04485266 -0.01231940 0.99891765 0.01941706
0.00000000 0.00000000 0.00000000 1.00000000
56 56 57
0.99876324 0.01988206 -0.04557083 -0.50796272
-0.01928419 0.99972260 0.01352179 -0.00957096
0.04582703 -0.01262627 0.99886959 0.01966372
0.00000000 0.00000000 0.00000000 1.00000000
57 57 58
0.99873133 0.01983092 -0.04628678 -0.51677776
-0.01920140 0.99971753 0.01400570 -0.00949592
0.04655145 -0.01309916 0.99883000 0.01899199
0.00000000 0.00000000 0.00000000 1.00000000
58 58 59
0.99870672 0.02013291 -0.04668564 -0.52627940
-0.01951447 0.99971619 0.01366506 -0.00867101
0.04694751 -0.01273634 0.99881616 0.01831420
0.00000000 0.00000000 0.00000000 1.00000000
59 59 60
0.99845316 0.01989543 -0.05191778 -0.53031621
-0.01922309 0.99972518 0.01341747 -0.00818050
0.05217046 -0.01239869 0.99856122 0.02197728
0.00000000 0.00000000 0.00000000 1.00000000
60 60 61
0.99839401 0.01996413 -0.05301730 -0.53882803
-0.01931166 0.99973169 0.01279060 -0.00752576
0.05325843 -0.01174620 0.99851168 0.02258623
0.00000000 0.00000000 0.00000000 1.00000000
61 61 62
0.99815187 0.02019172 -0.05731607 -0.54371038
-0.01948981 0.99972838 0.01277919 -0.00720323
0.05755854 -0.01163850 0.99827429 0.02549548
0.00000000 0.00000000 0.00000000 1.00000000
62 62 63
0.99810395 0.02042828 -0.05806197 -0.55293159
-0.01974512 0.99972919 0.01231557 -0.00673084
0.05829783 -0.01114578 0.99823701 0.02570529
0.00000000 0.00000000 0.00000000 1.00000000
63 63 64
0.99802235 0.02087924 -0.05929113 -0.56122012
-0.02019578 0.99972278 0.01210316 -0.00632268
0.05952740 -0.01088179 0.99816736 0.02614761
0.00000000 0.00000000 0.00000000 1.00000000
64 64 65
0.99793145 0.02103502 -0.06074819 -0.57000937
-0.02036867 0.99972562 0.01156760 -0.00550676
0.06097485 -0.01030631 0.99808609 0.02749380
0.00000000 0.00000000 0.00000000 1.00000000
65 65 66
0.99785611 0.02099125 -0.06198831 -0.57862620
-0.02036242 0.99973478 0.01075879 -0.00457698
0.06219771 -0.00947349 0.99801889 0.02810070
0.00000000 0.00000000 0.00000000 1.00000000
66 66 67
0.99782581 0.02113375 -0.06242607 -0.58823058
-0.02051480 0.99973400 0.01053947 -0.00447230
0.06263220 -0.00923590 0.99799394 0.02784353
0.00000000 0.00000000 0.00000000 1.00000000
67 67 68
0.99776258 0.02155828 -0.06328569 -0.59720862
-0.02095378 0.99972841 0.01020032 -0.00392783
0.06348840 -0.00885143 0.99794332 0.02797284
0.00000000 0.00000000 0.00000000 1.00000000
68 68 69
0.99768839 0.02215788 -0.06424093 -0.60600735
-0.02155459 0.99971697 0.01006912 -0.00348533
0.06444586 -0.00866116 0.99788362 0.02825339
0.00000000 0.00000000 0.00000000 1.00000000
69 69 70
0.99765110 0.02226544 -0.06478070 -0.61538301
-0.02168149 0.99971784 0.00970344 -0.00322204
0.06497847 -0.00827611 0.99785235 0.02803376
0.00000000 0.00000000 0.00000000 1.00000000
70 70 71
0.99762394 0.02247821 -0.06512456 -0.62493996
-0.02190189 0.99971451 0.00955006 -0.00311498
0.06532064 -0.00810102 0.99783144 0.02754974
0.00000000 0.00000000 0.00000000 1.00000000
71 71 72
0.99756374 0.02287491 -0.06590383 -0.63394110
-0.02231205 0.99970813 0.00926405 -0.00272263
0.06609651 -0.00777103 0.99778297 0.02751090
0.00000000 0.00000000 0.00000000 1.00000000
72 72 73
0.99749959 0.02349219 -0.06665346 -0.64296311
-0.02292949 0.99969480 0.00919482 -0.00241081
0.06684913 -0.00764350 0.99773382 0.02761631
0.00000000 0.00000000 0.00000000 1.00000000
73 73 74
0.99745304 0.02339272 -0.06738117 -0.65199982
-0.02284933 0.99969998 0.00882398 -0.00216099
0.06756737 -0.00726189 0.99768829 0.02745598
0.00000000 0.00000000 0.00000000 1.00000000
74 74 75
0.99737747 0.02377900 -0.06835744 -0.66077680
-0.02325229 0.99969357 0.00849057 -0.00163078
0.06853839 -0.00687883 0.99762476 0.02760646
0.00000000 0.00000000 0.00000000 1.00000000
75 75 76
0.99730352 0.02446794 -0.06918825 -0.66973554
-0.02392791 0.99967649 0.00862328 -0.00150236
0.06937687 -0.00694450 0.99756635 0.02769939
0.00000000 0.00000000 0.00000000 1.00000000
76 76 77
0.99721767 0.02439842 -0.07043888 -0.67823934
-0.02390208 0.99968324 0.00788078 -0.00069841
0.07060885 -0.00617522 0.99748497 0.02812933
0.00000000 0.00000000 0.00000000 1.00000000
77 77 78
0.99689575 0.02439819 -0.07485719 -0.68328053
-0.02388466 0.99968470 0.00774778 -0.00035997
0.07502262 -0.00593579 0.99716417 0.03130047
0.00000000 0.00000000 0.00000000 1.00000000
78 78 79
0.99675990 0.02470977 -0.07654491 -0.69118582
-0.02421106 0.99967921 0.00743643 0.00024054
0.07670411 -0.00555910 0.99703840 0.03200765
0.00000000 0.00000000 0.00000000 1.00000000
79 79 80
0.99668018 0.02478343 -0.07755259 -0.69998035
-0.02432704 0.99968076 0.00682431 0.00089365
0.07769696 -0.00491503 0.99696491 0.03214465
0.00000000 0.00000000 0.00000000 1.00000000
80 80 81
0.99629879 0.02466996 -0.08234140 -0.70445920
-0.02420497 0.99968496 0.00664070 0.00122595
0.08247929 -0.00462305 0.99658206 0.03543424
0.00000000 0.00000000 0.00000000 1.00000000
81 81 82
0.99613304 0.02491297 -0.08425143 -0.71205939
-0.02446871 0.99968073 0.00630168 0.00184055
0.08438153 -0.00421578 0.99642460 0.03622300
0.00000000 0.00000000 0.00000000 1.00000000
82 82 83
0.99582771 0.02479945 -0.08781893 -0.71819553
-0.02437082 0.99968528 0.00594978 0.00248224
0.08793884 -0.00378474 0.99611869 0.03847349
0.00000000 0.00000000 0.00000000 1.00000000
83 83 84
0.99574929 0.02533393 -0.08855247 -0.72752415
-0.02491160 0.99967242 0.00587130 0.00281317
0.08867220 -0.00364035 0.99605421 0.03830394
0.00000000 0.00000000 0.00000000 1.00000000
84 84 85
0.99555628 0.02567848 -0.09059972 -0.73502600
-0.02526873 0.99966463 0.00566701 0.00333155
0.09071486 -0.00335249 0.99587126 0.03907377
0.00000000 0.00000000 0.00000000 1.00000000
85 85 86
0.99543601 0.02594344 -0.09183725 -0.74348591
-0.02550132 0.99965688 0.00598453 0.00361036
0.09196100 -0.00361524 0.99575605 0.03889435
0.00000000 0.00000000 0.00000000 1.00000000
86 86 87
0.99532702 0.02659591 -0.09282667 -0.75222503
-0.02609666 0.99963771 0.00658826 0.00331063
0.09296826 -0.00413501 0.99566049 0.03874142
0.00000000 0.00000000 0.00000000 1.00000000
87 87 88
0.99522540 0.02703685 -0.09378388 -0.76142389
-0.02647360 0.99962326 0.00724500 0.00299914
0.09394443 -0.00472762 0.99556622 0.03875578
0.00000000 0.00000000 0.00000000 1.00000000
88 88 89
0.99509048 0.02695202 -0.09522878 -0.76995772
-0.02645282 0.99962892 0.00650084 0.00391698
0.09536866 -0.00394986 0.99543419 0.03916914
0.00000000 0.00000000 0.00000000 1.00000000
89 89 90
0.99499027 0.02747367 -0.09612259 -0.77909489
-0.02698158 0.99961534 0.00641571 0.00415449
0.09626188 -0.00379003 0.99534883 0.03897093
0.00000000 0.00000000 0.00000000 1.00000000
90 90 91
0.99483260 0.02816212 -0.09754484 -0.78761367
-0.02761727 0.99959454 0.00693158 0.00394328
0.09770050 -0.00420184 0.99520699 0.03924330
0.00000000 0.00000000 0.00000000 1.00000000
91 91 92
0.99469986 0.02876139 -0.09871658 -0.79629423
-0.02820295 0.99957737 0.00704809 0.00418293
0.09887757 -0.00422664 0.99509063 0.03940849
0.00000000 0.00000000 0.00000000 1.00000000
92 92 93
0.99460892 0.02914706 -0.09951652 -0.80554171
-0.02861020 0.99956739 0.00681793 0.00456511
0.09967219 -0.00393398 0.99501255 0.03913330
0.00000000 0.00000000 0.00000000 1.00000000
93 93 94
0.99452351 0.02960119 -0.10023352 -0.81472302
-0.02899484 0.99955142 0.00750109 0.00435588
0.10041060 -0.00455376 0.99493566 0.03855501
0.00000000 0.00000000 0.00000000 1.00000000
94 94 95
0.99439674 0.03008847 -0.10134005 -0.82332798
-0.02943524 0.99953519 0.00793546 0.00436956
0.10153171 -0.00490803 0.99482020 0.03828309
0.00000000 0.00000000 0.00000000 1.00000000
95 95 96
0.99427824 0.03044606 -0.10239057 -0.83220162
-0.02980995 0.99952564 0.00773732 0.00479665
0.10257757 -0.00464079 0.99471418 0.03844266
0.00000000 0.00000000 0.00000000 1.00000000
96 96 97
0.99413295 0.03095786 -0.10364020 -0.84065524
-0.03026784 0.99950799 0.00822439 0.00474072
0.10384381 -0.00503917 0.99458085 0.03821814
0.00000000 0.00000000 0.00000000 1.00000000
97 97 98
0.99397114 0.03145609 -0.10503279 -0.84905662
-0.03077632 0.99949358 0.00808693 0.00530383
0.10523398 -0.00480565 0.99443588 0.03826143
0.00000000 0.00000000 0.00000000 1.00000000
98 98 99
0.99385840 0.03198551 -0.10593587 -0.85805713
-0.03131492 0.99947765 0.00798796 0.00574651
0.10613603 -0.00462153 0.99434088 0.03813646
0.00000000 0.00000000 0.00000000 1.00000000
99 99 100
0.99368959 0.03249360 -0.10735532 -0.86616942
-0.03178612 0.99946027 0.00829517 0.00586545
0.10756692 -0.00483041 0.99418611 0.03820191
0.00000000 0.00000000 0.00000000 1.00000000
100 100 101
0.99900014 0.01834497 -0.04076977 -0.94348102
-0.01785577 0.99976453 0.01233116 0.00012935
0.04098639 -0.01159086 0.99909247 -0.01849776
0.00000000 0.00000000 0.00000000 1.00000000
101 101 102
0.99893180 0.01874543 -0.04223589 -0.95172946
-0.01825034 0.99976050 0.01207743 0.00068076
0.04245217 -0.01129371 0.99903467 -0.01782822
0.00000000 0.00000000 0.00000000 1.00000000
102 102 103
0.99885896 0.01926849 -0.04369786 -0.95976720
-0.01876017 0.99975184 0.01201304 0.00105489
0.04391849 -0.01117955 0.99897256 -0.01722908
0.00000000 0.00000000 0.00000000 1.00000000
103 103 104
0.99879188 0.01967605 -0.04502922 -0.96819627
-0.01915986 0.99974601 0.01186663 0.00145133
0.04525127 -0.01098954 0.99891519 -0.01649471
0.00000000 0.00000000 0.00000000 1.00000000
104 104 105
0.99875077 0.01999700 -0.04579313 -0.97756183
-0.01948657 0.99974322 0.01156595 0.00180450
0.04601265 -0.01065915 0.99888399 -0.01618198
0.00000000 0.00000000 0.00000000 1.00000000
105 105 106
0.99868175 0.02016678 -0.04720231 -0.98601287
-0.01966649 0.99974565 0.01103940 0.00251872
0.04741293 -0.01009654 0.99882435 -0.01582471
0.00000000 0.00000000 0.00000000 1.00000000
106 106 107
0.99860368 0.02064355 -0.04862653 -0.99401407
-0.02013059 0.99973668 0.01101519 0.00276745
0.04884112 -0.01002093 0.99875629 -0.01530919
0.00000000 0.00000000 0.00000000 1.00000000
107 107 108
0.99852536 0.02074212 -0.05016837 -1.00228349
-0.02023897 0.99973986 0.01051657 0.00345629
0.05037345 -0.00948571 0.99868540 -0.01467250
0.00000000 0.00000000 0.00000000 1.00000000
108 108 109
0.99846544 0.02076434 -0.05133811 -1.01112413
-0.02027932 0.99974484 0.00995050 0.00402378
0.05153163 -0.00889413 0.99863176 -0.01452900
0.00000000 0.00000000 0.00000000 1.00000000
109 109 110
0.99840053 0.02106038 -0.05246758 -1.01999883
-0.02053933 0.99973443 0.01045035 0.00395761
0.05267374 -0.00935598 0.99856795 -0.01442933
0.00000000 0.00000000 0.00000000 1.00000000
110 110 111
0.99833652 0.02126741 -0.05358997 -1.02848837
-0.02076038 0.99973447 0.01000022 0.00445777
0.05378842 -0.00887103 0.99851295 -0.01424429
0.00000000 0.00000000 0.00000000 1.00000000
111 111 112
0.99827195 0.02132372 -0.05475782 -1.03728621
-0.02083480 0.99973795 0.00948424 0.00502259
0.05494571 -0.00832698 0.99845462 -0.01388752
0.00000000 0.00000000 0.00000000 1.00000000
112 112 113
0.99818685 0.02170509 -0.05614174 -1.04562789
-0.02122119 0.99973246 0.00920117 0.00557885
0.05632643 -0.00799309 0.99838041 -0.01358382
0.00000000 0.00000000 0.00000000 1.00000000
113 113 114
0.99809337 0.02218199 -0.05759851 -1.05388011
-0.02169428 0.99972343 0.00907903 0.00596484
0.05778397 -0.00781217 0.99829854 -0.01315418
0.00000000 0.00000000 0.00000000 1.00000000
114 114 115
0.99797276 0.02237936 -0.05957798 -1.06111223
-0.02190138 0.99972260 0.00866375 0.00660193
0.05975534 -0.00734134 0.99818606 -0.01280317
0.00000000 0.00000000 0.00000000 1.00000000
115 115 116
0.99784316 0.02256213 -0.06164391 -1.06851408
-0.02208977 0.99972126 0.00833356 0.00711879
0.06181475 -0.00695388 0.99806341 -0.01200387
0.00000000 0.00000000 0.00000000 1.00000000
116 116 117
0.99771144 0.02299023 -0.06358715 -1.07616203
-0.02251039 0.99971255 0.00825243 0.00751331
0.06375860 -0.00680217 0.99794217 -0.01146038
0.00000000 0.00000000 0.00000000 1.00000000
117 117 118
0.99761832 0.02340988 -0.06488199 -1.08466453
-0.02293366 0.99970438 0.00807494 0.00788190
0.06505184 -0.00656772 0.99786027 -0.01128422
0.00000000 0.00000000 0.00000000 1.00000000
118 118 119
0.99748214 0.02361677 -0.06687029 -1.09196404
-0.02315269 0.99970224 0.00770665 0.00850894
0.06703238 -0.00613902 0.99773191 -0.01102084
0.00000000 0.00000000 0.00000000 1.00000000
119 119 120
0.99738451 0.02397166 -0.06818723 -1.10033903
-0.02351688 0.99969557 0.00746457 0.00894357
0.06834541 -0.00584150 0.99764462 -0.01083840
0.00000000 0.00000000 0.00000000 1.00000000
120 120 121
0.99727971 0.02441748 -0.06954828 -1.10877682
-0.02395960 0.99968546 0.00741030 0.00924804
0.06970734 -0.00572380 0.99755106 -0.01063838
0.00000000 0.00000000 0.00000000 1.00000000
121 121 122
0.99718430 0.02489418 -0.07073724 -1.11746267
-0.02444265 0.99967500 0.00724189 0.00968508
0.07089454 -0.00549249 0.99746869 -0.01064291
0.00000000 0.00000000 0.00000000 1.00000000
122 122 123
0.99707491 0.02525296 -0.07213815 -1.12555489
-0.02481160 0.99966758 0.00700800 0.01011109
0.07229114 -0.00519764 0.99737003 -0.01076529
0.00000000 0.00000000 0.00000000 1.00000000
123 123 124
0.99696141 0.02561884 -0.07356374 -1.13381631
-0.02518683 0.99965967 0.00679447 0.01054792
0.07371277 -0.00492099 0.99726737 -0.01063885
0.00000000 0.00000000 0.00000000 1.00000000
124 124 125
0.99684223 0.02597507 -0.07503915 -1.14214160
-0.02555224 0.99965177 0.00658957 0.01101201
0.07518418 -0.00465134 0.99715882 -0.01050594
0.00000000 0.00000000 0.00000000 1.00000000
125 125 126
0.99673124 0.02644206 -0.07633903 -1.15065134
-0.02600618 0.99963934 0.00669849 0.01124679
0.07648862 -0.00469131 0.99705942 -0.01053040
0.00000000 0.00000000 0.00000000 1.00000000
126 126 127
0.99661949 0.02683508 -0.07764961 -1.15894135
-0.02640979 0.99963007 0.00649898 0.01167107
0.07779529 -0.00442630 0.99695953 -0.01065670
0.00000000 0.00000000 0.00000000 1.00000000
127 127 128
0.99648816 0.02723179 -0.07918194 -1.16701828
-0.02681360 0.99962035 0.00634003 0.01207551
0.07932453 -0.00419461 0.99684002 -0.01056092
0.00000000 0.00000000 0.00000000 1.00000000
128 128 129
0.99636889 0.02771210 -0.08050508 -1.17553110
-0.02727832 0.99960685 0.00648330 0.01226965
0.08065310 -0.00426371 0.99673311 -0.01052729
0.00000000 0.00000000 0.00000000 1.00000000
129 129 130
0.99627473 0.02811501 -0.08152423 -1.18446265
-0.02769499 0.99959670 0.00627855 0.01263088
0.08166787 -0.00399735 0.99665158 -0.01081267
0.00000000 0.00000000 0.00000000 1.00000000
130 130 131
0.99615410 0.02842066 -0.08288107 -1.19248277
-0.02801855 0.99958933 0.00601089 0.01303421
0.08301787 -0.00366556 0.99654132 -0.01118679
0.00000000 0.00000000 0.00000000 1.00000000
131 131 132
0.99601388 0.02882975 -0.08441085 -1.20066607
-0.02843503 0.99957838 0.00587497 0.01347151
0.08454464 -0.00345132 0.99641372 -0.01105762
0.00000000 0.00000000 0.00000000 1.00000000
132 132 133
0.99590033 0.02913690 -0.08563624 -1.20924026
-0.02871056 0.99956850 0.00620617 0.01354881
0.08578012 -0.00372207 0.99630714 -0.01131758
0.00000000 0.00000000 0.00000000 1.00000000
133 133 134
0.99576079 0.02939088 -0.08715864 -1.21748294
-0.02898917 0.99956248 0.00587138 0.01411399
0.08729307 -0.00331984 0.99617714 -0.01155858
0.00000000 0.00000000 0.00000000 1.00000000
134 134 135
0.99563888 0.02969721 -0.08843813 -1.22551939
-0.02931795 0.99955454 0.00558458 0.01457310
0.08856458 -0.00296740 0.99606602 -0.01200801
0.00000000 0.00000000 0.00000000 1.00000000
135 135 136
0.99549919 0.03011938 -0.08985648 -1.23376694
-0.02974206 0.99954228 0.00553548 0.01492777
0.08998208 -0.00283805 0.99593934 -0.01208312
0.00000000 0.00000000 0.00000000 1.00000000
136 136 137
0.99540544 0.03048274 -0.09076795 -1.24277249
-0.03010446 0.99953144 0.00553405 0.01510004
0.09089411 -0.00277610 0.99585669 -0.01247912
0.00000000 0.00000000 0.00000000 1.00000000
137 137 138
0.99528543 0.03087953 -0.09194221 -1.25137022
-0.03052117 0.99952006 0.00530153 0.01564127
0.09206179 -0.00247035 0.99575023 -0.01280892
0.00000000 0.00000000 0.00000000 1.00000000
138 138 139
0.99520192 0.03123985 -0.09272111 -1.26016915
-0.03089963 0.99950947 0.00510299 0.01591543
0.09283505 -0.00221346 0.99567904 -0.01341474
0.00000000 0.00000000 0.00000000 1.00000000
139 139 140
0.99508759 0.03156912 -0.09383001 -1.26884112
-0.03124809 0.99949970 0.00488902 0.01637708
0.09393741 -0.00193300 0.99557623 -0.01372508
0.00000000 0.00000000 0.00000000 1.00000000
140 140 141
0.99496586 0.03195684 -0.09498258 -1.27745496
-0.03165313 0.99948785 0.00470291 0.01683417
0.09508422 -0.00167274 0.99546783 -0.01410543
0.00000000 0.00000000 0.00000000 1.00000000
141 141 142
0.99483693 0.03235568 -0.09619041 -1.28599797
-0.03206321 0.99947533 0.00458497 0.01720091
0.09628829 -0.00147713 0.99535239 -0.01449501
0.00000000 0.00000000 0.00000000 1.00000000
142 142 143
0.99476965 0.03256559 -0.09681337 -1.29500604
-0.03225268 0.99946824 0.00479571 0.01698482
0.09691807 -0.00164814 0.99529100 -0.01519443
0.00000000 0.00000000 0.00000000 1.00000000
143 143 144
0.99463104 0.03293331 -0.09810448 -1.30341302
-0.03263889 0.99945660 0.00460489 0.01747938
0.09820283 -0.00137814 0.99516547 -0.01546204
0.00000000 0.00000000 0.00000000 1.00000000
144 144 145
0.99452435 0.03328892 -0.09906138 -1.31219584
-0.03300207 0.99944500 0.00453342 0.01769659
0.09915731 -0.00123936 0.99507100 -0.01598396
0.00000000 0.00000000 0.00000000 1.00000000
145 145 146
0.99440980 0.03356405 -0.10011293 -1.32088997
-0.03330003 0.99943612 0.00430770 0.01807154
0.10020106 -0.00094985 0.99496676 -0.01634282
0.00000000 0.00000000 0.00000000 1.00000000
146 146 147
0.99432452 0.03404644 -0.10079479 -1.32965357
-0.03377410 0.99941977 0.00440769 0.01828872
0.10088637 -0.00097842 0.99489747 -0.01717238
0.00000000 0.00000000 0.00000000 1.00000000
147 147 148
0.99420230 0.03446976 -0.10185094 -1.33832413
-0.03417827 0.99940514 0.00460613 0.01832596
0.10194913 -0.00109834 0.99478901 -0.01759134
0.00000000 0.00000000 0.00000000 1.00000000
148 148 149
0.99409421 0.03470482 -0.10282159 -1.34715368
-0.03440241 0.99939695 0.00471352 0.01847777
0.10292316 -0.00114837 0.99468865 -0.01827844
0.00000000 0.00000000 0.00000000 1.00000000
149 149 150
0.99398125 0.03504372 -0.10379412 -1.35592906
-0.03475973 0.99938537 0.00454418 0.01884535
0.10388957 -0.00090898 0.99458842 -0.01872646
0.00000000 0.00000000 0.00000000 1.00000000
150 150 151
0.99394568 0.03491012 -0.10417903 -1.36529387
-0.03459240 0.99938971 0.00485551 0.01913713
0.10428495 -0.00122231 0.99454671 -0.01977683
0.00000000 0.00000000 0.00000000 1.00000000
151 151 152
0.99386634 0.03485959 -0.10494999 -1.37437082
-0.03451708 0.99939120 0.00507868 0.01938169
0.10506314 -0.00142496 0.99446453 -0.02050482
0.00000000 0.00000000 0.00000000 1.00000000
152 152 153
0.99375778 0.03508904 -0.10589733 -1.38319214
-0.03474100 0.99938318 0.00513006 0.01952432
0.10601202 -0.00141906 0.99436384 -0.02115388
0.00000000 0.00000000 0.00000000 1.00000000
153 153 154
0.99369277 0.03498101 -0.10654113 -1.39249198
-0.03460724 0.99938664 0.00535559 0.01965115
0.10666312 -0.00163471 0.99429387 -0.02197947
0.00000000 0.00000000 0.00000000 1.00000000
154 154 155
0.99364328 0.03496461 -0.10700700 -1.40171716
-0.03454711 0.99938651 0.00575341 0.01954064
0.10714252 -0.00202005 0.99424162 -0.02305025
0.00000000 0.00000000 0.00000000 1.00000000
155 155 156
0.99362938 0.03441671 -0.10731328 -1.41159584
-0.03398986 0.99940532 0.00580470 0.02012230
0.10744924 -0.00212015 0.99420831 -0.02399486
0.00000000 0.00000000 0.00000000 1.00000000
156 156 157
0.99351196 0.03474657 -0.10828973 -1.42028201
-0.03431478 0.99939396 0.00584883 0.02032251
0.10842733 -0.00209494 0.99410217 -0.02462203
0.00000000 0.00000000 0.00000000 1.00000000
157 157 158
0.99348346 0.03447106 -0.10863866 -1.43006183
-0.03402745 0.99940328 0.00593512 0.02053588
0.10877842 -0.00219975 0.99406359 -0.02557226
0.00000000 0.00000000 0.00000000 1.00000000
158 158 159
0.99344910 0.03441806 -0.10896920 -1.43951697
-0.03394536 0.99940452 0.00619051 0.02053829
0.10911738 -0.00245096 0.99402585 -0.02667217
0.00000000 0.00000000 0.00000000 1.00000000
159 159 160
0.99340180 0.03426788 -0.10944669 -1.44902917
-0.03377613 0.99940929 0.00634436 0.02059091
0.10959944 -0.00260582 0.99397242 -0.02757248
0.00000000 0.00000000 0.00000000 1.00000000
160 160 161
0.99331517 0.03436875 -0.11019873 -1.45814699
-0.03385290 0.99940537 0.00654923 0.02076901
0.11035829 -0.00277490 0.99388800 -0.02826021
0.00000000 0.00000000 0.00000000 1.00000000
161 161 162
0.99329594 0.03386710 -0.11052691 -1.46795159
-0.03332660 0.99942182 0.00673449 0.02104998
0.11069108 -0.00300585 0.99385032 -0.02926537
0.00000000 0.00000000 0.00000000 1.00000000
162 162 163
0.99326521 0.03358132 -0.11088964 -1.47733327
-0.03302696 0.99943110 0.00683286 0.02150930
0.11105601 -0.00312449 0.99380924 -0.03039543
0.00000000 0.00000000 0.00000000 1.00000000
163 163 164
0.99321095 0.03342440 -0.11142182 -1.48676271
-0.03285245 0.99943594 0.00696566 0.02176788
0.11159179 -0.00325789 0.99374879 -0.03128165
0.00000000 0.00000000 0.00000000 1.00000000
164 164 165
0.99317589 0.03313138 -0.11182115 -1.49642082
-0.03255199 0.99944550 0.00700367 0.02202651
0.11199118 -0.00331588 0.99370367 -0.03220927
0.00000000 0.00000000 0.00000000 1.00000000
165 165 166
0.99313568 0.03297237 -0.11222454 -1.50602546
-0.03237669 0.99945033 0.00712676 0.02217855
0.11239784 -0.00344438 0.99365732 -0.03315794
0.00000000 0.00000000 0.00000000 1.00000000
166 166 167
0.99313277 0.03244554 -0.11240372 -1.51583039
-0.03181850 0.99946650 0.00736842 0.02243229
0.11258283 -0.00374130 0.99363530 -0.03426623
0.00000000 0.00000000 0.00000000 1.00000000
167 167 168
0.99307453 0.03219136 -0.11298977 -1.52516911
-0.03156736 0.99947491 0.00730788 0.02302857
0.11316569 -0.00369048 0.99356928 -0.03521240
0.00000000 0.00000000 0.00000000 1.00000000
168 168 169
0.99302742 0.03198836 -0.11346053 -1.53466877
-0.03135254 0.99948111 0.00738433 0.02347130
0.11363787 -0.00377557 0.99351506 -0.03614201
0.00000000 0.00000000 0.00000000 1.00000000
169 169 170
0.99298770 0.03168042 -0.11389368 -1.54424609
-0.03103379 0.99949060 0.00744645 0.02390394
0.11407157 -0.00385968 0.99346504 -0.03710817
0.00000000 0.00000000 0.00000000 1.00000000
170 170 171
0.99295205 0.03129461 -0.11431041 -1.55365328
-0.03062378 0.99950193 0.00762023 0.02421869
0.11449195 -0.00406591 0.99341586 -0.03827013
0.00000000 0.00000000 0.00000000 1.00000000
171 171 172
0.99288986 0.03112742 -0.11489478 -1.56297455
-0.03045795 0.99950732 0.00757818 0.02489241
0.11507406 -0.00402484 0.99334876 -0.03919019
0.00000000 0.00000000 0.00000000 1.00000000
172 172 173
0.99284180 0.03085120 -0.11538353 -1.57245093
-0.03017488 0.99951571 0.00760403 0.02525702
0.11556224 -0.00406792 0.99329191 -0.04013745
0.00000000 0.00000000 0.00000000 1.00000000
173 173 174
0.99279628 0.03051862 -0.11586265 -1.58194015
-0.02982511 0.99952536 0.00771500 0.02557412
0.11604311 -0.00420381 0.99323528 -0.04108146
0.00000000 0.00000000 0.00000000 1.00000000
174 174 175
0.99277325 0.03006593 -0.11617791 -1.59154155
-0.02934935 0.99953820 0.00787417 0.02572637
0.11636101 -0.00440752 0.99319721 -0.04220216
0.00000000 0.00000000 0.00000000 1.00000000
175 175 176
0.99270067 0.03001934 -0.11680849 -1.60072151
-0.02930663 0.99953992 0.00781471 0.02626523
0.11698934 -0.00433441 0.99312371 -0.04313607
0.00000000 0.00000000 0.00000000 1.00000000
176 176 177
0.99265960 0.02964325 -0.11725273 -1.61027262
-0.02892332 0.99955091 0.00783715 0.02657241
0.11743239 -0.00438828 0.99307118 -0.04411886
0.00000000 0.00000000 0.00000000 1.00000000
177 177 178
0.99258199 0.02944393 -0.11795784 -1.61929048
-0.02871602 0.99955666 0.00786613 0.02698275
0.11813715 -0.00442050 0.99298745 -0.04500263
0.00000000 0.00000000 0.00000000 1.00000000
178 178 179
0.99255610 0.02895536 -0.11829611 -1.62872305
-0.02820309 0.99956997 0.00802866 0.02742378
0.11847771 -0.00463258 0.99294591 -0.04638034
0.00000000 0.00000000 0.00000000 1.00000000
179 179 180
0.99250754 0.02854945 -0.11880110 -1.63809572
-0.02778708 0.99958130 0.00806901 0.02779795
0.11898173 -0.00470741 0.99288528 -0.04739622
0.00000000 0.00000000 0.00000000 1.00000000
180 180 181
0.99248505 0.02786814 -0.11915030 -1.64773254
-0.02710291 0.99960033 0.00803834 0.02825740
0.11932669 -0.00474861 0.99284369 -0.04844752
0.00000000 0.00000000 0.00000000 1.00000000
181 181 182
0.99243395 0.02729956 -0.11970627 -1.65700762
-0.02652614 0.99961571 0.00804991 0.02864965
0.11988002 -0.00481366 0.99277672 -0.04952855
0.00000000 0.00000000 0.00000000 1.00000000
182 182 183
0.99243062 0.02665304 -0.11987941 -1.66675220
-0.02585557 0.99963203 0.00820300 0.02894866
0.12005393 -0.00504136 0.99275457 -0.05087844
0.00000000 0.00000000 0.00000000 1.00000000
183 183 184
0.99240421 0.02602354 -0.12023585 -1.67633952
-0.02522415 0.99964847 0.00816596 0.02943433
0.12040609 -0.00507109 0.99271177 -0.05196509
0.00000000 0.00000000 0.00000000 1.00000000
184 184 185
0.99238898 0.02524826 -0.12052648 -1.68605014
-0.02443668 0.99966769 0.00820716 0.02968232
0.12069365 -0.00519943 0.99267619 -0.05305848
0.00000000 0.00000000 0.00000000 1.00000000
185 185 186
0.99238771 0.02446396 -0.12069855 -1.69582602
-0.02361537 0.99968535 0.00845630 0.02964978
0.12086745 -0.00554159 0.99265319 -0.05415978
0.00000000 0.00000000 0.00000000 1.00000000
186 186 187
0.99236526 0.02376644 -0.12102207 -1.70541318
-0.02290771 0.99970160 0.00848219 0.02998108
0.12118754 -0.00564509 0.99261358 -0.05533210
0.00000000 0.00000000 0.00000000 1.00000000
187 187 188
0.99234672 0.02298378 -0.12132489 -1.71510526
-0.02211779 0.99971941 0.00847985 0.03025097
0.12148575 -0.00573152 0.99257663 -0.05648883
0.00000000 0.00000000 0.00000000 1.00000000
188 188 189
0.99231332 0.02224780 -0.12173459 -1.72463985
-0.02136181 0.99973501 0.00857848 0.03042531
0.12189318 -0.00591207 0.99252562 -0.05771856
0.00000000 0.00000000 0.00000000 1.00000000
189 189 190
0.99230890 0.02151475 -0.12190230 -1.73445478
-0.02060319 0.99974959 0.00873347 0.03054317
0.12205968 -0.00615473 0.99250368 -0.05895301
0.00000000 0.00000000 0.00000000 1.00000000
190 190 191
0.99226196 0.02084203 -0.12240025 -1.74385256
-0.01993906 0.99976423 0.00859761 0.03100550
0.12255059 -0.00609054 0.99244358 -0.06012226
0.00000000 0.00000000 0.00000000 1.00000000
191 191 192
0.99223709 0.02007470 -0.12272962 -1.75357198
-0.01916150 0.99977927 0.00861666 0.03113934
0.12287551 -0.00619809 0.99240274 -0.06124284
0.00000000 0.00000000 0.00000000 1.00000000
192 192 193
0.99219780 0.01936224 -0.12316099 -1.76313824
-0.01846251 0.99979391 0.00844249 0.03162868
0.12329907 -0.00610276 0.99235079 -0.06243926
0.00000000 0.00000000 0.00000000 1.00000000
193 193 194
0.99216075 0.01864077 -0.12357009 -1.77264761
-0.01776020 0.99980845 0.00822387 0.03217005
0.12369972 -0.00596477 0.99230177 -0.06364268
0.00000000 0.00000000 0.00000000 1.00000000
194 194 195
0.99213117 0.01787306 -0.12392054 -1.78229634
-0.01697814 0.99982163 0.00827410 0.03226588
0.12404632 -0.00610505 0.99225765 -0.06481685
0.00000000 0.00000000 0.00000000 1.00000000
195 195 196
0.99210557 0.01718631 -0.12422223 -1.79207876
-0.01632108 0.99983496 0.00797956 0.03276752
0.12433887 -0.00588912 0.99222234 -0.06605739
0.00000000 0.00000000 0.00000000 1.00000000
196 196 197
0.99207894 0.01649301 -0.12452855 -1.80187636
-0.01563515 0.99984685 0.00786311 0.03293376
0.12463917 -0.00585381 0.99218487 -0.06719269
0.00000000 0.00000000 0.00000000 1.00000000
197 197 198
0.99204781 0.01575680 -0.12487136 -1.81156665
-0.01490665 0.99985893 0.00773968 0.03318457
0.12497570 -0.00581672 0.99214275 -0.06830786
0.00000000 0.00000000 0.00000000 1.00000000
198 198 199
0.99201491 0.01507638 -0.12521632 -1.82130355
-0.01425247 0.99987050 0.00747320 0.03372900
0.12531277 -0.00562888 0.99210132 -0.06955094
0.00000000 0.00000000 0.00000000 1.00000000
199 199 200
0.99198053 0.01442044 -0.12556542 -1.83103290
-0.01362227 0.99988120 0.00721299 0.03426205
0.12565452 -0.00544466 0.99205912 -0.07081737
0.00000000 0.00000000 0.00000000 1.00000000
200 200 201
0.99430883 0.03290713 -0.10132657 -1.86182686
-0.03276739 0.99945837 0.00304366 0.03707742
0.10137185 0.00029387 0.99484856 -0.07435429
0.00000000 0.00000000 0.00000000 1.00000000
201 201 202
0.99428587 0.03233071 -0.10173656 -1.87136485
-0.03221354 0.99947710 0.00279476 0.03777009
0.10177372 0.00049851 0.99480745 -0.07530940
0.00000000 0.00000000 0.00000000 1.00000000
202 202 203
0.99426700 0.03166856 -0.10212852 -1.88109397
-0.03155971 0.99949827 0.00268184 0.03812070
0.10216221 0.00055668 0.99476760 -0.07619605
0.00000000 0.00000000 0.00000000 1.00000000
203 203 204
0.99426821 0.03095873 -0.10233413 -1.89110860
-0.03085389 0.99952050 0.00260755 0.03839285
0.10236579 0.00056481 0.99474666 -0.07703459
0.00000000 0.00000000 0.00000000 1.00000000
204 204 205
0.99422355 0.03053307 -0.10289446 -1.90052097
-0.03042986 0.99953359 0.00257295 0.03876683
0.10292503 0.00057298 0.99468895 -0.07793464
0.00000000 0.00000000 0.00000000 1.00000000
205 205 206
0.99419902 0.02996342 -0.10329815 -1.91008017
-0.02986276 0.99955083 0.00252115 0.03926068
0.10332730 0.00057824 0.99464724 -0.07896766
0.00000000 0.00000000 0.00000000 1.00000000
206 206 207
0.99418182 0.02946708 -0.10360596 -1.91990491
-0.02936243 0.99956562 0.00253537 0.03966907
0.10363566 0.00052150 0.99461519 -0.07993789
0.00000000 0.00000000 0.00000000 1.00000000
207 207 208
0.99417760 0.02884014 -0.10382270 -1.92991350
-0.02874742 0.99958385 0.00238967 0.03991631
0.10384841 0.00060887 0.99459295 -0.08075652
0.00000000 0.00000000 0.00000000 1.00000000
208 208 209
0.99417341 0.02817115 -0.10404618 -1.93989630
-0.02806449 0.99960302 0.00248932 0.04009973
0.10407501 0.00044519 0.99456935 -0.08175025
0.00000000 0.00000000 0.00000000 1.00000000
209 209 210
