{
	"class_name" : "PoseGraph",
	"edges" : 
	[
		{
			"class_name" : "PoseGraphEdge",
			"confidence" : 1.0,
			"information" : 
			[
				1400699.2476737495,
				50.958719412734652,
				53289.11455136368,
				0.0,
				-1041129.5167500377,
				-37878.058910032851,
				50.958719412734652,
				1612401.3225685267,
				85484.707140494153,
				1041129.5167500377,
				0.0,
				40873.568307391135,
				53289.11455136368,
				85484.707140494153,
				489746.0931220082,
				37878.058910032851,
				-40873.568307391135,
				0.0,
				0.0,
				1041129.5167500377,
				37878.058910032851,
				904586.0,
				0.0,
				0.0,
				-1041129.5167500377,
				0.0,
				-40873.568307391135,
				0.0,
				904586.0,
				0.0,
				-37878.058910032851,
				40873.568307391135,
				0.0,
				0.0,
				0.0,
				904586.0
			],
			"source_node_id" : 0,
			"target_node_id" : 1,
			"transformation" : 
			[
				0.99999976561582526,
				-0.00055301086470204873,
				-0.00040366728609057828,
				0.0,
				0.00055290502019826636,
				0.99999981275475092,
				-0.00026227180393516097,
				0.0,
				0.00040381224966287791,
				0.00026204855279383129,
				0.99999988413310481,
				0.0,
				0.009602999149083611,
				-0.00038345386986543008,
				-2.2150504212505196e-05,
				1.0
			],
			"uncertain" : false,
			"version_major" : 1,
			"version_minor" : 0
		},
		{
			"class_name" : "PoseGraphEdge",
			"confidence" : 1.0,
			"information" : 
			[
				1401935.6304641955,
				-18.944218471629149,
				53226.149270408183,
				0.0,
				-1041808.1845165491,
				-38130.336691697245,
				-18.944218471629149,
				1613870.7176282769,
				85974.038020548454,
				1041808.1845165491,
				0.0,
				41003.788528749719,
				53226.149270408183,
				85974.038020548454,
				490231.72432371939,
				38130.336691697245,
				-41003.788528749719,
				0.0,
				0.0,
				1041808.1845165491,
				38130.336691697245,
				904958.0,
				0.0,
				0.0,
				-1041808.1845165491,
				0.0,
				-41003.788528749719,
				0.0,
				904958.0,
				0.0,
				-38130.336691697245,
				41003.788528749719,
				0.0,
				0.0,
				0.0,
				904958.0
			],
			"source_node_id" : 1,
			"target_node_id" : 2,
			"transformation" : 
			[
				0.9999997106143711,
				-0.00065312147577981192,
				-0.00039013268385028674,
				0.0,
				0.00065307254021760457,
				0.99999977886703528,
				-0.00012554735184760731,
				0.0,
				0.00039021459525080947,
				0.00012529253057314379,
				0.99999991601717164,
				0.0,
				0.0097749935014784742,
				-4.1833565847119422e-05,
				-0.00011254435820492187,
				1.0
			],
			"uncertain" : false,
			"version_major" : 1,
			"version_minor" : 0
		},
		{
			"class_name" : "PoseGraphEdge",
			"confidence" : 1.0,
			"information" : 
			[
				1403906.1671877692,
				-99.152996651608149,
				53073.563807083563,
				0.0,
				-1042649.5482729673,
				-38515.807910023374,
				-99.152996651608149,
				1615966.427424181,
				86622.836116467472,
				1042649.5482729673,
				0.0,
				40904.603878489812,
				53073.563807083563,
				86622.836116467472,
				490881.08698519599,
				38515.807910023374,
				-40904.603878489812,
				0.0,
				0.0,
				1042649.5482729673,
				38515.807910023374,
				905257.0,
				0.0,
				0.0,
				-1042649.5482729673,
				0.0,
				-40904.603878489812,
				0.0,
				905257.0,
				0.0,
				-38515.807910023374,
				40904.603878489812,
				0.0,
				0.0,
				0.0,
				905257.0
			],
			"source_node_id" : 2,
			"target_node_id" : 3,
			"transformation" : 
			[
				0.99999973018328769,
				-0.00070563710949187678,
				-0.00020422933643940802,
				0.0,
				0.00070562062334409944,
				0.99999974778666845,
				-8.0784500478803614e-05,
				0.0,
				0.00020428628947145289,
				8.0640370250111468e-05,
				0.99999997588212075,
				0.0,
				0.010051462152761965,
				3.8486685769359461e-05,
				-0.0001914177022055012,
				1.0
			],
			"uncertain" : false,
			"version_major" : 1,
			"version_minor" : 0
		},
		{
			"class_name" : "PoseGraphEdge",
			"confidence" : 1.0,
			"information" : 
			[
				1406599.4569501302,
				-141.96890365215936,
				53425.198448282492,
				0.0,
				-1044221.7885341048,
				-38825.512907023309,
				-141.96890365215936,
				1619258.9875638667,
				87188.657939947356,
				1044221.7885341048,
				0.0,
				41348.856467402889,
				53425.198448282492,
				87188.657939947356,
				492151.14992669621,
				38825.512907023309,
				-41348.856467402889,
				0.0,
				0.0,
				1044221.7885341048,
				38825.512907023309,
				906313.0,
				0.0,
				0.0,
				-1044221.7885341048,
				0.0,
				-41348.856467402889,
				0.0,
				906313.0,
				0.0,
				-38825.512907023309,
				41348.856467402889,
				0.0,
				0.0,
				0.0,
				906313.0
			],
			"source_node_id" : 3,
			"target_node_id" : 4,
			"transformation" : 
			[
				0.99999975272560571,
				-0.00042278653542500433,
				-0.00056196109649518905,
				0.0,
				0.00042275740237284257,
				0.99999990928818761,
				-5.1959535441697831e-05,
				0.0,
				0.00056198301331065212,
				5.1721949380046442e-05,
				0.99999984074995396,
				0.0,
				0.0094620159881618759,
				-8.5901215792109526e-05,
				-7.417445779683466e-05,
				1.0
			],
			"uncertain" : false,
			"version_major" : 1,
			"version_minor" : 0
		},
		{
			"class_name" : "PoseGraphEdge",
			"confidence" : 1.0,
			"information" : 
			[
				1409629.3523153325,
				-145.66649075370029,
				53398.167353414108,
				0.0,
				-1046039.6204625368,
				-39220.521940575796,
				-145.66649075370029,
				1622903.0711872308,
				87846.290004750364,
				1046039.6204625368,
				0.0,
				41446.908854608191,
				53398.167353414108,
				87846.290004750364,
				493361.98407971056,
				39220.521940575796,
				-41446.908854608191,
				0.0,
				0.0,
				1046039.6204625368,
				39220.521940575796,
				907506.0,
				0.0,
				0.0,
				-1046039.6204625368,
				0.0,
				-41446.908854608191,
				0.0,
				907506.0,
				0.0,
				-39220.521940575796,
				41446.908854608191,
				0.0,
				0.0,
				0.0,
				907506.0
			],
			"source_node_id" : 4,
			"target_node_id" : 5,
			"transformation" : 
			[
				0.99999975799115504,
				-0.00056634073889892732,
				-0.00040407400276232317,
				0.0,
				0.00056631487296749099,
				0.99999983758774957,
				-6.4124402445827028e-05,
				0.0,
				0.00040411025339721711,
				6.3895553809610459e-05,
				0.99999991630612783,
				0.0,
				0.0096252326086865448,
				-0.00020660477547226902,
				3.8802741976623451e-05,
				1.0
			],
			"uncertain" : false,
			"version_major" : 1,
			"version_minor" : 0
		},
		{
			"class_name" : "PoseGraphEdge",
			"confidence" : 1.0,
			"information" : 
			[
				1411513.4007198219,
				-176.4930020965821,
				53327.900182013509,
				0.0,
				-1047101.0872000456,
				-39681.397438841639,
				-176.4930020965821,
				1625135.8749186839,
				88615.456854685064,
				1047101.0872000456,
				0.0,
				41547.115351725603,
				53327.900182013509,
				88615.456854685064,
				494235.09309133474,
				39681.397438841639,
				-41547.115351725603,
				0.0,
				0.0,
				1047101.0872000456,
				39681.397438841639,
				908173.0,
				0.0,
				0.0,
				-1047101.0872000456,
				0.0,
				-41547.115351725603,
				0.0,
				908173.0,
				0.0,
				-39681.397438841639,
				41547.115351725603,
				0.0,
				0.0,
				0.0,
				908173.0
			],
			"source_node_id" : 5,
			"target_node_id" : 6,
			"transformation" : 
			[
				0.99999982714149283,
				-0.00049976731729344708,
				-0.00030975734369164895,
				0.0,
				0.00049976888277445178,
				0.99999987510314137,
				4.9765117803886167e-06,
				0.0,
				0.00030975481790598754,
				-5.1313180017441632e-06,
				0.99999995201281,
				0.0,
				0.0098801236600944316,
				-0.00011819521936834173,
				-5.3929980705258028e-05,
				1.0
			],
			"uncertain" : false,
			"version_major" : 1,
			"version_minor" : 0
		},
		{
			"class_name" : "PoseGraphEdge",
			"confidence" : 1.0,
			"information" : 
			[
				1412786.7487529428,
				0.94847742396200907,
				52731.24382419062,
				0.0,
				-1047659.7326759696,
				-39919.490826442256,
				0.94847742396200907,
				1626654.2120500945,
				88951.473153345796,
				1047659.7326759696,
				0.0,
				41082.750475962646,
				52731.24382419062,
				88951.473153345796,
				494585.21570283757,
				39919.490826442256,
				-41082.750475962646,
				0.0,
				0.0,
				1047659.7326759696,
				39919.490826442256,
				908292.0,
				0.0,
				0.0,
				-1047659.7326759696,
				0.0,
				-41082.750475962646,
				0.0,
				908292.0,
				0.0,
				-39919.490826442256,
				41082.750475962646,
				0.0,
				0.0,
				0.0,
				908292.0
			],
			"source_node_id" : 6,
			"target_node_id" : 7,
			"transformation" : 
			[
				0.99999978823796698,
				-0.00061476718135975209,
				-0.00021350722166580638,
				0.0,
				0.00061473472757028887,
				0.99999979949317341,
				-0.00015203561578876673,
				0.0,
				0.00021360064536313529,
				0.00015190433328965007,
				0.99999996564991822,
				0.0,
				0.010042437368128938,
				4.2004537557059223e-05,
				-0.00022551202593788826,
				1.0
			],
			"uncertain" : false,
			"version_major" : 1,
			"version_minor" : 0
		},
		{
			"class_name" : "PoseGraphEdge",
			"confidence" : 1.0,
			"information" : 
			[
				1412432.4080337407,
				790.66663502648044,
				50369.216747619437,
				0.0,
				-1046928.2488449812,
				-39555.441841384745,
				790.66663502648044,
				1624516.99936593,
				88589.086924060088,
				1046928.2488449812,
				0.0,
				39056.881160372403,
				50369.216747619437,
				88589.086924060088,
				492659.2233335597,
				39555.441841384745,
				-39056.881160372403,
				0.0,
				0.0,
				1046928.2488449812,
				39555.441841384745,
				907457.0,
				0.0,
				0.0,
				-1046928.2488449812,
				0.0,
				-39056.881160372403,
				0.0,
				907457.0,
				0.0,
				-39555.441841384745,
				39056.881160372403,
				0.0,
				0.0,
				0.0,
				907457.0
			],
			"source_node_id" : 7,
			"target_node_id" : 8,
			"transformation" : 
			[
				0.9999997411212862,
				-0.00068264326155469644,
				-0.00022749843315496545,
				0.0,
				0.00068266446651852079,
				0.99999976264662072,
				9.3144660013727307e-05,
				0.0,
				0.0002274347945829356,
				-9.3299940997061199e-05,
				0.99999996978426664,
				0.0,
				0.010033201010867883,
				9.8329521164963236e-05,
				-5.0796428752847048e-05,
				1.0
			],
			"uncertain" : false,
			"version_major" : 1,
			"version_minor" : 0
		},
		{
			"class_name" : "PoseGraphEdge",
			"confidence" : 1.0,
			"information" : 
			[
				1411450.4341817175,
				1935.6541264707746,
				48425.623491242746,
				0.0,
				-1045566.2605443001,
				-38867.33363847516,
				1935.6541264707746,
				1622320.8428336023,
				87631.451036457147,
				1045566.2605443001,
				0.0,
				37017.525690620649,
				48425.623491242746,
				87631.451036457147,
				490809.05001258431,
				38867.33363847516,
				-37017.525690620649,
				0.0,
				0.0,
				1045566.2605443001,
				38867.33363847516,
				905917.0,
				0.0,
				0.0,
				-1045566.2605443001,
				0.0,
				-37017.525690620649,
				0.0,
				905917.0,
				0.0,
				-38867.33363847516,
				37017.525690620649,
				0.0,
				0.0,
				0.0,
				905917.0
			],
			"source_node_id" : 8,
			"target_node_id" : 9,
			"transformation" : 
			[
				0.99999982200304349,
				-0.00026598103315755942,
				-0.00053408610980245535,
				0.0,
				0.00026591910042793624,
				0.99999995791228258,
				-0.00011602785907051982,
				0.0,
				0.00053411694853382121,
				0.00011588581472004401,
				0.99999985064477048,
				0.0,
				0.0093164236470939955,
				-0.00042526270287865896,
				-2.1690422536479303e-05,
				1.0
			],
			"uncertain" : false,
			"version_major" : 1,
			"version_minor" : 0
		},
		{
			"class_name" : "PoseGraphEdge",
			"confidence" : 1.0,
			"information" : 
			[
				1408305.4385646896,
				3056.5337898537996,
				45113.122371420388,
				0.0,
				-1042735.3432307243,
				-38248.121582634049,
				3056.5337898537996,
				1617436.4651497924,
				86652.466295560138,
				1042735.3432307243,
				0.0,
				33755.66560172406,
				45113.122371420388,
				86652.466295560138,
				488021.9770877941,
				38248.121582634049,
				-33755.66560172406,
				0.0,
				0.0,
				1042735.3432307243,
				38248.121582634049,
				903200.0,
				0.0,
				0.0,
				-1042735.3432307243,
				0.0,
				-33755.66560172406,
				0.0,
				903200.0,
				0.0,
				-38248.121582634049,
				33755.66560172406,
				0.0,
				0.0,
				0.0,
				903200.0
			],
			"source_node_id" : 9,
			"target_node_id" : 10,
			"transformation" : 
			[
				0.99999973443852264,
				-0.0006724670440199995,
				-0.00028091094733388266,
				0.0,
				0.00067245829636197816,
				0.99999977341212543,
				-3.1233614229840151e-05,
				0.0,
				0.00028093188725910315,
				3.1044705038321598e-05,
				0.99999996005674952,
				0.0,
				0.0099457775511313136,
				0.00013630458053294186,
				-0.00027525316659533826,
				1.0
			],
			"uncertain" : false,
			"version_major" : 1,
			"version_minor" : 0
		},
		{
			"class_name" : "PoseGraphEdge",
			"confidence" : 1.0,
			"information" : 
			[
				1405909.4410363215,
				4215.1338323324426,
				43409.444196885604,
				0.0,
				-1040769.4798737168,
				-37371.84122468438,
				4215.1338323324426,
				1613699.0280919482,
				85462.820967320906,
				1040769.4798737168,
				0.0,
				31886.747361907852,
				43409.444196885604,
				85462.820967320906,
				485975.19174683205,
				37371.84122468438,
				-31886.747361907852,
				0.0,
				0.0,
				1040769.4798737168,
				37371.84122468438,
				901502.0,
				0.0,
				0.0,
				-1040769.4798737168,
				0.0,
				-31886.747361907852,
				0.0,
				901502.0,
				0.0,
				-37371.84122468438,
				31886.747361907852,
				0.0,
				0.0,
				0.0,
				901502.0
			],
			"source_node_id" : 10,
			"target_node_id" : 11,
			"transformation" : 
			[
				0.99999963253703672,
				-0.00048594790137798102,
				-0.00070624388666818978,
				0.0,
				0.00048601133569488682,
				0.99999987787788247,
				8.9650433685293105e-05,
				0.0,
				0.00070620023498008415,
				-8.9993643276765545e-05,
				0.9999997465911542,
				0.0,
				0.0093040403789531167,
				0.00033526156637170496,
				-0.0001988929227456821,
				1.0
			],
			"uncertain" : false,
			"version_major" : 1,
			"version_minor" : 0
		},
		{
			"class_name" : "PoseGraphEdge",
			"confidence" : 1.0,
			"information" : 
			[
				1404456.3025596088,
				5204.4317018406236,
				40929.717072584121,
				0.0,
				-1039213.6413830519,
				-36745.774773589568,
				5204.4317018406236,
				1610599.4062200696,
				84563.942263260848,
				1039213.6413830519,
				0.0,
				29373.542883191374,
				40929.717072584121,
				84563.942263260848,
				483800.2048552421,
				36745.774773589568,
				-29373.542883191374,
				0.0,
				0.0,
				1039213.6413830519,
				36745.774773589568,
				899916.0,
				0.0,
				0.0,
				-1039213.6413830519,
				0.0,
				-29373.542883191374,
				0.0,
				899916.0,
				0.0,
				-36745.774773589568,
				29373.542883191374,
				0.0,
				0.0,
				0.0,
				899916.0
			],
			"source_node_id" : 11,
			"target_node_id" : 12,
			"transformation" : 
			[
				0.99999975146789277,
				-0.00057951592041292454,
				-0.00040152889266322785,
				0.0,
				0.00057955339084830241,
				0.99999982771492835,
				9.3209331574114731e-05,
				0.0,
				0.00040147480719421449,
				-9.3442015839869636e-05,
				0.99999991504328045,
				0.0,
				0.0097671615772813719,
				9.2480067979097255e-06,
				2.3004783967180085e-05,
				1.0
			],
			"uncertain" : false,
			"version_major" : 1,
			"version_minor" : 0
		},
		{
			"class_name" : "PoseGraphEdge",
			"confidence" : 1.0,
			"information" : 
			[
				1401703.089417604,
				6420.0385027120201,
				39015.475976649606,
				0.0,
				-1036668.2404567599,
				-35756.832853579312,
				6420.0385027120201,
				1606357.187189261,
				83174.823454134166,
				1036668.2404567599,
				0.0,
				27257.552507671411,
				39015.475976649606,
				83174.823454134166,
				481345.73128325009,
				35756.832853579312,
				-27257.552507671411,
				0.0,
				0.0,
				1036668.2404567599,
				35756.832853579312,
				897507.0,
				0.0,
				0.0,
				-1036668.2404567599,
				0.0,
				-27257.552507671411,
				0.0,
				897507.0,
				0.0,
				-35756.832853579312,
				27257.552507671411,
				0.0,
				0.0,
				0.0,
				897507.0
			],
			"source_node_id" : 12,
			"target_node_id" : 13,
			"transformation" : 
			[
				0.99999937762660362,
				8.3297681867664449e-05,
				-0.0011125681558176712,
				0.0,
				-8.2927470938777112e-05,
				0.99999994118510349,
				0.00033279546934590176,
				0.0,
				0.0011125958114732227,
				-0.00033270299975944617,
				0.99999932571940986,
				0.0,
				0.0083878671133735677,
				0.00033444147381048661,
				-4.1620951461207278e-05,
				1.0
			],
			"uncertain" : false,
			"version_major" : 1,
			"version_minor" : 0
		},
		{
			"class_name" : "PoseGraphEdge",
			"confidence" : 1.0,
			"information" : 
			[
				1396631.7167266321,
				7483.5608093470255,
				35110.786498507041,
				0.0,
				-1032862.7153504491,
				-34971.60563060618,
				7483.5608093470255,
				1598934.7392404657,
				81944.292622767854,
				1032862.7153504491,
				0.0,
				23584.962102776859,
				35110.786498507041,
				81944.292622767854,
				477553.17760562245,
				34971.60563060618,
				-23584.962102776859,
				0.0,
				0.0,
				1032862.7153504491,
				34971.60563060618,
				894180.0,
				0.0,
				0.0,
				-1032862.7153504491,
				0.0,
				-23584.962102776859,
				0.0,
				894180.0,
				0.0,
				-34971.60563060618,
				23584.962102776859,
				0.0,
				0.0,
				0.0,
				894180.0
			],
			"source_node_id" : 13,
			"target_node_id" : 14,
			"transformation" : 
			[
				0.99999965571214511,
				-0.00073281339959645046,
				-0.00038930722156275748,
				0.0,
				0.00073290196094624694,
				0.99999970557408524,
				0.00022739054121036868,
				0.0,
				0.00038914047210508219,
				-0.00022767578694866066,
				0.99999989836670911,
				0.0,
				0.0098418294460483734,
				0.00046713677989471266,
				-0.00016659926992710039,
				1.0
			],
			"uncertain" : false,
			"version_major" : 1,
			"version_minor" : 0
		},
		{
			"class_name" : "PoseGraphEdge",
			"confidence" : 1.0,
			"information" : 
			[
				1393933.1194534025,
				8617.7015994190988,
				33780.927879439805,
				0.0,
				-1030631.1015786529,
				-33910.576012138161,
				8617.7015994190988,
				1595154.081698701,
				80488.184083917833,
				1030631.1015786529,
				0.0,
				21919.567443510285,
				33780.927879439805,
				80488.184083917833,
				475670.34455646534,
				33910.576012138161,
				-21919.567443510285,
				0.0,
				0.0,
				1030631.1015786529,
				33910.576012138161,
				892286.0,
				0.0,
				0.0,
				-1030631.1015786529,
				0.0,
				-21919.567443510285,
				0.0,
				892286.0,
				0.0,
				-33910.576012138161,
				21919.567443510285,
				0.0,
				0.0,
				0.0,
				892286.0
			],
			"source_node_id" : 14,
			"target_node_id" : 15,
			"transformation" : 
			[
				0.99999975774085248,
				-0.00037976445690865522,
				-0.0005833499760179592,
				0.0,
				0.00037996066371321485,
				0.99999987127586876,
				0.00033627093259135685,
				0.0,
				0.00058322219717865133,
				-0.00033649250117071195,
				0.99999977331230672,
				0.0,
				0.0094990563618955141,
				0.0004055052805317387,
				-9.5554086179806062e-05,
				1.0
			],
			"uncertain" : false,
			"version_major" : 1,
			"version_minor" : 0
		},
		{
			"class_name" : "PoseGraphEdge",
			"confidence" : 1.0,
			"information" : 
			[
				1391634.5076951659,
				9789.3839687486252,
				31483.528506164232,
				0.0,
				-1028479.9284800291,
				-33025.985781336436,
				9789.3839687486252,
				1591195.1021453699,
				79219.287893323693,
				1028479.9284800291,
				0.0,
				19505.019021881395,
				31483.528506164232,
				79219.287893323693,
				473169.24353906862,
				33025.985781336436,
				-19505.019021881395,
				0.0,
				0.0,
				1028479.9284800291,
				33025.985781336436,
				890228.0,
				0.0,
				0.0,
				-1028479.9284800291,
				0.0,
				-19505.019021881395,
				0.0,
				890228.0,
				0.0,
				-33025.985781336436,
				19505.019021881395,
				0.0,
				0.0,
				0.0,
				890228.0
			],
			"source_node_id" : 15,
			"target_node_id" : 16,
			"transformation" : 
			[
				0.99999966519049099,
				-0.00033544628920235302,
				-0.00074638776336261037,
				0.0,
				0.00033575239001802101,
				0.99999985957607884,
				0.00041002213900149463,
				0.0,
				0.00074625011814689467,
				-0.00041027260319761327,
				0.99999963739351072,
				0.0,
				0.0091300081615413396,
				0.00058363126469990862,
				-6.744217149570957e-05,
				1.0
			],
			"uncertain" : false,
			"version_major" : 1,
			"version_minor" : 0
		},
		{
			"class_name" : "PoseGraphEdge",
			"confidence" : 1.0,
			"information" : 
			[
				1389130.0565994512,
				10834.546306708791,
				29001.348532169715,
				0.0,
				-1026289.7497597933,
				-32219.932155770715,
				10834.546306708791,
				1587453.5663792659,
				78068.383857083259,
				1026289.7497597933,
				0.0,
				17076.811195067014,
				29001.348532169715,
				78068.383857083259,
				471044.57609472144,
				32219.932155770715,
				-17076.811195067014,
				0.0,
				0.0,
				1026289.7497597933,
				32219.932155770715,
				888178.0,
				0.0,
				0.0,
				-1026289.7497597933,
				0.0,
				-17076.811195067014,
				0.0,
				888178.0,
				0.0,
				-32219.932155770715,
				17076.811195067014,
				0.0,
				0.0,
				0.0,
				888178.0
			],
			"source_node_id" : 16,
			"target_node_id" : 17,
			"transformation" : 
			[
				0.99999975903269722,
				-0.00053346499716138817,
				-0.0004442405260556599,
				0.0,
				0.00053356749300705422,
				0.99999983105660684,
				0.00023063496624738529,
				0.0,
				0.00044411741532254329,
				-0.00023087194297567956,
				0.99999987472892582,
				0.0,
				0.0095181334697722105,
				0.00022826181779903162,
				3.7959901255316017e-05,
				1.0
			],
			"uncertain" : false,
			"version_major" : 1,
			"version_minor" : 0
		},
		{
			"class_name" : "PoseGraphEdge",
			"confidence" : 1.0,
			"information" : 
			[
				1385229.8925995489,
				11784.116952183933,
				26629.991053427093,
				0.0,
				-1023124.4757996202,
				-31660.862953348202,
				11784.116952183933,
				1582156.2813050088,
				77094.560837558354,
				1023124.4757996202,
				0.0,
				14594.392981108744,
				26629.991053427093,
				77094.560837558354,
				468420.57791038335,
				31660.862953348202,
				-14594.392981108744,
				0.0,
				0.0,
				1023124.4757996202,
				31660.862953348202,
				885178.0,
				0.0,
				0.0,
				-1023124.4757996202,
				0.0,
				-14594.392981108744,
				0.0,
				885178.0,
				0.0,
				-31660.862953348202,
				14594.392981108744,
				0.0,
				0.0,
				0.0,
				885178.0
			],
			"source_node_id" : 17,
			"target_node_id" : 18,
			"transformation" : 
			[
				0.99999964991764112,
				-0.00061280612389584641,
				-0.00056976596088256673,
				0.0,
				0.00061289752613119118,
				0.99999979933667271,
				0.00016025990444827094,
				0.0,
				0.00056966763830057249,
				-0.00016060905649200485,
				0.99999982484174099,
				0.0,
				0.0095201325278539261,
				0.0004692615595040484,
				-0.00021935812749905383,
				1.0
			],
			"uncertain" : false,
			"version_major" : 1,
			"version_minor" : 0
		},
		{
			"class_name" : "PoseGraphEdge",
			"confidence" : 1.0,
			"information" : 
			[
				1382723.7849196556,
				12993.129070813015,
				24452.952165317354,
				0.0,
				-1020901.9421513677,
				-30561.669750506058,
				12993.129070813015,
				1578102.7133705625,
				75743.777658805993,
				1020901.9421513677,
				0.0,
				12380.159433637513,
				24452.952165317354,
				75743.777658805993,
				466200.9952640807,
				30561.669750506058,
				-12380.159433637513,
				0.0,
				0.0,
				1020901.9421513677,
				30561.669750506058,
				883343.0,
				0.0,
				0.0,
				-1020901.9421513677,
				0.0,
				-12380.159433637513,
				0.0,
				883343.0,
				0.0,
				-30561.669750506058,
				12380.159433637513,
				0.0,
				0.0,
				0.0,
				883343.0
			],
			"source_node_id" : 18,
			"target_node_id" : 19,
			"transformation" : 
			[
				0.99999967448056637,
				-0.00041013455652046875,
				-0.00069485855338866336,
				0.0,
				0.00041043471305488575,
				0.99999982251135833,
				0.00043188030528443385,
				0.0,
				0.00069468130102168419,
				-0.00043216535876997508,
				0.99999966532543982,
				0.0,
				0.009310363152872125,
				0.00059467900853102168,
				-2.9952123670380371e-05,
				1.0
			],
			"uncertain" : false,
			"version_major" : 1,
			"version_minor" : 0
		},
		{
			"class_name" : "PoseGraphEdge",
			"confidence" : 1.0,
			"information" : 
			[
				1381427.4593654785,
				14156.024374341714,
				22305.680314036672,
				0.0,
				-1019392.6667987108,
				-29853.062248729402,
				14156.024374341714,
				1575510.3657769822,
				74774.828341155633,
				1019392.6667987108,
				0.0,
				10209.014166242676,
				22305.680314036672,
				74774.828341155633,
				464245.40469590732,
				29853.062248729402,
				-10209.014166242676,
				0.0,
				0.0,
				1019392.6667987108,
				29853.062248729402,
				881739.0,
				0.0,
				0.0,
				-1019392.6667987108,
				0.0,
				-10209.014166242676,
				0.0,
				881739.0,
				0.0,
				-29853.062248729402,
				10209.014166242676,
				0.0,
				0.0,
				0.0,
				881739.0
			],
			"source_node_id" : 19,
			"target_node_id" : 20,
			"transformation" : 
			[
				0.99999924142640417,
				0.00010063310544477759,
				-0.0012276072644555667,
				0.0,
				-9.9991366248535391e-05,
				0.99999985833764848,
				0.0005228062831758968,
				0.0,
				0.0012276597021696589,
				-0.00052268313646126484,
				0.99999910982660101,
				0.0,
				0.0083710153129075201,
				0.00050676248509899256,
				4.2264147341510351e-05,
				1.0
			],
			"uncertain" : false,
			"version_major" : 1,
			"version_minor" : 0
		},
		{
			"class_name" : "PoseGraphEdge",
			"confidence" : 1.0,
			"information" : 
			[
				1378827.5047364482,
				15123.010704757888,
				19867.376044963567,
				0.0,
				-1016995.1080235243,
				-29066.754899154534,
				15123.010704757888,
				1571965.0453293296,
				73705.034654417308,
				1016995.1080235243,
				0.0,
				7869.0963226003805,
				19867.376044963567,
				73705.034654417308,
				462447.32601177029,
				29066.754899154534,
				-7869.0963226003805,
				0.0,
				0.0,
				1016995.1080235243,
				29066.754899154534,
				879460.0,
				0.0,
				0.0,
				-1016995.1080235243,
				0.0,
				-7869.0963226003805,
				0.0,
				879460.0,
				0.0,
				-29066.754899154534,
				7869.0963226003805,
				0.0,
				0.0,
				0.0,
				879460.0
			],
			"source_node_id" : 20,
			"target_node_id" : 21,
			"transformation" : 
			[
				0.99999965272952362,
				-0.00021885822642876178,
				-0.00080414047964014863,
				0.0,
				0.000219143553141094,
				0.99999991306391278,
				0.00035475099705343502,
				0.0,
				0.00080406276955728164,
				-0.00035492709606082,
				0.99999961375483459,
				0.0,
				0.0089670227794020653,
				0.00044240494178783183,
				-2.8330884707801889e-05,
				1.0
			],
			"uncertain" : false,
			"version_major" : 1,
			"version_minor" : 0
		},
		{
			"class_name" : "PoseGraphEdge",
			"confidence" : 1.0,
			"information" : 
			[
				1374669.3335833268,
				16372.004792049931,
				17395.351885484717,
				0.0,
				-1013426.5704097152,
				-28455.157829676871,
				16372.004792049931,
				1566525.0610030997,
				72629.774054495545,
				1013426.5704097152,
				0.0,
				5467.7377512134844,
				17395.351885484717,
				72629.774054495545,
				459964.86122955423,
				28455.157829676871,
				-5467.7377512134844,
				0.0,
				0.0,
				1013426.5704097152,
				28455.157829676871,
				876085.0,
				0.0,
				0.0,
				-1013426.5704097152,
				0.0,
				-5467.7377512134844,
				0.0,
				876085.0,
				0.0,
				-28455.157829676871,
				5467.7377512134844,
				0.0,
				0.0,
				0.0,
				876085.0
			],
			"source_node_id" : 21,
			"target_node_id" : 22,
			"transformation" : 
			[
				0.99999914177014182,
				-0.0001864508505641823,
				-0.0012968018580461786,
				0.0,
				0.00018691291755735544,
				0.99999991909232566,
				0.00035620064959434033,
				0.0,
				0.0012967353392108695,
				-0.00035644273291108886,
				0.99999909571261059,
				0.0,
				0.0083292276431940621,
				0.00069761141485400596,
				-0.00025557404724170144,
				1.0
			],
			"uncertain" : false,
			"version_major" : 1,
			"version_minor" : 0
		},
		{
			"class_name" : "PoseGraphEdge",
			"confidence" : 1.0,
			"information" : 
			[
				1372358.52801435,
				17327.946859923268,
				14739.481789156878,
				0.0,
				-1011622.5234934688,
				-27436.271054108278,
				17327.946859923268,
				1562962.2270977614,
				71396.567251886168,
				1011622.5234934688,
				0.0,
				2921.9688083945075,
				14739.481789156878,
				71396.567251886168,
				458079.74115803762,
				27436.271054108278,
				-2921.9688083945075,
				0.0,
				0.0,
				1011622.5234934688,
				27436.271054108278,
				874698.0,
				0.0,
				0.0,
				-1011622.5234934688,
				0.0,
				-2921.9688083945075,
				0.0,
				874698.0,
				0.0,
				-27436.271054108278,
				2921.9688083945075,
				0.0,
				0.0,
				0.0,
				874698.0
			],
			"source_node_id" : 22,
			"target_node_id" : 23,
			"transformation" : 
			[
				0.99999956168669168,
				0.00011225705423550676,
				-0.00092952933169107501,
				0.0,
				-0.0001115420652808018,
				0.99999969793656396,
				0.00076921073057962391,
				0.0,
				0.00092961540024495172,
				-0.00076910671180292745,
				0.99999927214477158,
				0.0,
				0.00879359002676992,
				0.00065626365637322891,
				-1.0499069458720285e-05,
				1.0
			],
			"uncertain" : false,
			"version_major" : 1,
			"version_minor" : 0
		},
		{
			"class_name" : "PoseGraphEdge",
			"confidence" : 1.0,
			"information" : 
			[
				1370631.6023541496,
				18400.436939193827,
				12559.901402594842,
				0.0,
				-1009743.6621686816,
				-26721.380777452607,
				18400.436939193827,
				1560258.0820314637,
				70421.441105048041,
				1009743.6621686816,
				0.0,
				690.72302104427945,
				12559.901402594842,
				70421.441105048041,
				456459.97690502368,
				26721.380777452607,
				-690.72302104427945,
				0.0,
				0.0,
				1009743.6621686816,
				26721.380777452607,
				872777.0,
				0.0,
				0.0,
				-1009743.6621686816,
				0.0,
				-690.72302104427945,
				0.0,
				872777.0,
				0.0,
				-26721.380777452607,
				690.72302104427945,
				0.0,
				0.0,
				0.0,
				872777.0
			],
			"source_node_id" : 23,
			"target_node_id" : 24,
			"transformation" : 
			[
				0.99999926248900106,
				1.2370637699430807e-07,
				-0.001214504606009148,
				0.0,
				7.8502148342617764e-08,
				0.99999998613976959,
				0.00016649460588774546,
				0.0,
				0.0012145046097722801,
				-0.0001664945784373633,
				0.99999924862877121,
				0.0,
				0.0084194783732019374,
				6.5478773528158477e-05,
				-9.7361533231331125e-05,
				1.0
			],
			"uncertain" : false,
			"version_major" : 1,
			"version_minor" : 0
		},
		{
			"class_name" : "PoseGraphEdge",
			"confidence" : 1.0,
			"information" : 
			[
				1366127.9344648009,
				19516.760432155977,
				10356.36954767257,
				0.0,
				-1006278.7955392003,
				-25741.758377010468,
				19516.760432155977,
				1554747.9509833315,
				69052.913243374802,
				1006278.7955392003,
				0.0,
				-1580.932345654699,
				10356.36954767257,
				69052.913243374802,
				454435.52541328815,
				25741.758377010468,
				1580.932345654699,
				0.0,
				0.0,
				1006278.7955392003,
				25741.758377010468,
				869859.0,
				0.0,
				0.0,
				-1006278.7955392003,
				0.0,
				1580.932345654699,
				0.0,
				869859.0,
				0.0,
				-25741.758377010468,
				-1580.932345654699,
				0.0,
				0.0,
				0.0,
				869859.0
			],
			"source_node_id" : 24,
			"target_node_id" : 25,
			"transformation" : 
			[
				0.99999953760713745,
				-0.00049874472912211074,
				-0.00082221603344281185,
				0.0,
				0.00049891831134124456,
				0.99999985329588514,
				0.00021092350880784995,
				0.0,
				0.00082211071583207062,
				-0.00021133362991328775,
				0.99999963973596873,
				0.0,
				0.008764048733888358,
				0.00055627847546398839,
				-2.383406576759028e-05,
				1.0
			],
			"uncertain" : false,
			"version_major" : 1,
			"version_minor" : 0
		},
		{
			"class_name" : "PoseGraphEdge",
			"confidence" : 1.0,
			"information" : 
			[
				1362217.5023197115,
				20536.885225713457,
				8493.7784258446645,
				0.0,
				-1003184.3685511947,
				-25108.917420436395,
				20536.885225713457,
				1549645.2052550891,
				68071.934129318543,
				1003184.3685511947,
				0.0,
				-3515.3764687784715,
				8493.7784258446645,
				68071.934129318543,
				452397.73529169988,
				25108.917420436395,
				3515.3764687784715,
				0.0,
				0.0,
				1003184.3685511947,
				25108.917420436395,
				867170.0,
				0.0,
				0.0,
				-1003184.3685511947,
				0.0,
				3515.3764687784715,
				0.0,
				867170.0,
				0.0,
				-25108.917420436395,
				-3515.3764687784715,
				0.0,
				0.0,
				0.0,
				867170.0
			],
			"source_node_id" : 25,
			"target_node_id" : 26,
			"transformation" : 
			[
				0.99999870491554166,
				0.0001919118961620182,
				-0.0015979164754928645,
				0.0,
				-0.00019121647865518563,
				0.99999988695589437,
				0.00043534406490123076,
				0.0,
				0.0015979998425628098,
				-0.00043503795313226955,
				0.99999862856830124,
				0.0,
				0.007884760184625408,
				0.00052994661175574838,
				-1.1207980619132321e-05,
				1.0
			],
			"uncertain" : false,
			"version_major" : 1,
			"version_minor" : 0
		},
		{
			"class_name" : "PoseGraphEdge",
			"confidence" : 1.0,
			"information" : 
			[
				1358676.2317939545,
				21433.993644552913,
				6132.5956758371076,
				0.0,
				-1000676.1279254556,
				-24304.594840061967,
				21433.993644552913,
				1545207.7277672819,
				66973.609774286131,
				1000676.1279254556,
				0.0,
				-5906.8099967449671,
				6132.5956758371076,
				66973.609774286131,
				450751.70715771144,
				24304.594840061967,
				5906.8099967449671,
				0.0,
				0.0,
				1000676.1279254556,
				24304.594840061967,
				865232.0,
				0.0,
				0.0,
				-1000676.1279254556,
				0.0,
				5906.8099967449671,
				0.0,
				865232.0,
				0.0,
				-24304.594840061967,
				-5906.8099967449671,
				0.0,
				0.0,
				0.0,
				865232.0
			],
			"source_node_id" : 26,
			"target_node_id" : 27,
			"transformation" : 
			[
				0.99999946700289033,
				7.0039950246705973e-05,
				-0.0010300914238511355,
				0.0,
				-6.9509197240166204e-05,
				0.99999986482994896,
				0.0005152752223225003,
				0.0,
				0.0010301273744645594,
				-0.00051520334685434038,
				0.99999933670133179,
				0.0,
				0.0087324892150532386,
				0.00046113137169421549,
				-6.3507118735880151e-05,
				1.0
			],
			"uncertain" : false,
			"version_major" : 1,
			"version_minor" : 0
		},
		{
			"class_name" : "PoseGraphEdge",
			"confidence" : 1.0,
			"information" : 
			[
				1356720.3664399493,
				22568.561267039066,
				4388.3340696204441,
				0.0,
				-998784.24810546637,
				-23583.47784414643,
				22568.561267039066,
				1542365.7798329515,
				65917.728879315313,
				998784.24810546637,
				0.0,
				-7880.7730171650182,
				4388.3340696204441,
				65917.728879315313,
				449330.63093315583,
				23583.47784414643,
				7880.7730171650182,
				0.0,
				0.0,
				998784.24810546637,
				23583.47784414643,
				863355.0,
				0.0,
				0.0,
				-998784.24810546637,
				0.0,
				7880.7730171650182,
				0.0,
				863355.0,
				0.0,
				-23583.47784414643,
				-7880.7730171650182,
				0.0,
				0.0,
				0.0,
				863355.0
			],
			"source_node_id" : 27,
			"target_node_id" : 28,
			"transformation" : 
			[
				0.99999891630099236,
				0.00014826583195727761,
				-0.0014647232107039014,
				0.0,
				-0.00014747215897252256,
				0.99999984227007965,
				0.00054195182299859618,
				0.0,
				0.0014648033326111463,
				-0.00054173522979176396,
				0.99999878043632529,
				0.0,
				0.0080964050015041415,
				0.00043904132578215802,
				0.0002300412789821073,
				1.0
			],
			"uncertain" : false,
			"version_major" : 1,
			"version_minor" : 0
		},
		{
			"class_name" : "PoseGraphEdge",
			"confidence" : 1.0,
			"information" : 
			[
				1351967.6596217474,
				23428.804807855548,
				1935.7146314267495,
				0.0,
				-995239.79939067364,
				-22625.720739560435,
				23428.804807855548,
				1536609.111205084,
				64609.055154833957,
				995239.79939067364,
				0.0,
				-10233.747457852471,
				1935.7146314267495,
				64609.055154833957,
				447287.80045520095,
				22625.720739560435,
				10233.747457852471,
				0.0,
				0.0,
				995239.79939067364,
				22625.720739560435,
				860498.0,
				0.0,
				0.0,
				-995239.79939067364,
				0.0,
				10233.747457852471,
				0.0,
				860498.0,
				0.0,
				-22625.720739560435,
				-10233.747457852471,
				0.0,
				0.0,
				0.0,
				860498.0
			],
			"source_node_id" : 28,
			"target_node_id" : 29,
			"transformation" : 
			[
				0.99999953652963824,
				-0.00044813218836826436,
				-0.00085212560705679125,
				0.0,
				0.000448518245626216,
				0.99999979684969786,
				0.0004529149435611009,
				0.0,
				0.00085192246818241533,
				-0.00045329692753077891,
				0.9999995343748932,
				0.0,
				0.0089513333361980127,
				0.0007003806903463657,
				3.2462724289771281e-05,
				1.0
			],
			"uncertain" : false,
			"version_major" : 1,
			"version_minor" : 0
		},
		{
			"class_name" : "PoseGraphEdge",
			"confidence" : 1.0,
			"information" : 
			[
				1347442.7494931407,
				24504.843922588643,
				165.16162091937332,
				0.0,
				-991743.17286235094,
				-22130.402250443934,
				24504.843922588643,
				1531109.0246794885,
				63741.157726610509,
				991743.17286235094,
				0.0,
				-12007.593871640158,
				165.16162091937332,
				63741.157726610509,
				445330.59346852318,
				22130.402250443934,
				12007.593871640158,
				0.0,
				0.0,
				991743.17286235094,
				22130.402250443934,
				857423.0,
				0.0,
				0.0,
				-991743.17286235094,
				0.0,
				12007.593871640158,
				0.0,
				857423.0,
				0.0,
				-22130.402250443934,
				-12007.593871640158,
				0.0,
				0.0,
				0.0,
				857423.0
			],
			"source_node_id" : 29,
			"target_node_id" : 30,
			"transformation" : 
			[
				0.99999911233774952,
				-0.00017743242263608522,
				-0.0013205458903406638,
				0.0,
				0.000177899815249327,
				0.99999992157802731,
				0.00035382989437140783,
				0.0,
				0.0013204830058854912,
				-0.00035406450515988746,
				0.99999906548104178,
				0.0,
				0.0084006938628621887,
				0.00069518033422906185,
				-0.00014989870820486038,
				1.0
			],
			"uncertain" : false,
			"version_major" : 1,
			"version_minor" : 0
		},
		{
			"class_name" : "PoseGraphEdge",
			"confidence" : 1.0,
			"information" : 
			[
				1344730.87624329,
				25392.514002446718,
				-2316.040412206075,
				0.0,
				-989672.25143283606,
				-21294.227067910018,
				25392.514002446718,
				1527390.1316518919,
				62730.125754525696,
				989672.25143283606,
				0.0,
				-14481.547366983024,
				-2316.040412206075,
				62730.125754525696,
				443764.49087286252,
				21294.227067910018,
				14481.547366983024,
				0.0,
				0.0,
				989672.25143283606,
				21294.227067910018,
				855851.0,
				0.0,
				0.0,
				-989672.25143283606,
				0.0,
				14481.547366983024,
				0.0,
				855851.0,
				0.0,
				-21294.227067910018,
				-14481.547366983024,
				0.0,
				0.0,
				0.0,
				855851.0
			],
			"source_node_id" : 30,
			"target_node_id" : 31,
			"transformation" : 
			[
				0.99999938980564118,
				8.5112889380024414e-05,
				-0.0011014282280996616,
				0.0,
				-8.4751963783114706e-05,
				0.99999994270466919,
				0.00032773123686091499,
				0.0,
				0.0011014560591454728,
				-0.00032763768867586518,
				0.99999933972382937,
				0.0,
				0.0086856433601712156,
				0.00021637795003291062,
				-8.6685229872163297e-05,
				1.0
			],
			"uncertain" : false,
			"version_major" : 1,
			"version_minor" : 0
		},
		{
			"class_name" : "PoseGraphEdge",
			"confidence" : 1.0,
			"information" : 
			[
				1341324.475089309,
				26703.789605338759,
				-4644.698554153455,
				0.0,
				-986453.48017466068,
				-20343.584571430809,
				26703.789605338759,
				1522997.2497924345,
				61346.101718618869,
				986453.48017466068,
				0.0,
				-16855.199986479245,
				-4644.698554153455,
				61346.101718618869,
				441860.32957576442,
