{
	"class_name" : "PoseGraph",
	"edges" : 
	[
		{
			"class_name" : "PoseGraphEdge",
			"confidence" : 1.0,
			"information" : 
			[
				1194790.5685032264,
				61504.100231024095,
				-77248.825641521486,
				0.0,
				-822463.24595314264,
				33227.796794088441,
				61504.100231024095,
				1367132.048598509,
				-9814.8942176901473,
				822463.24595314264,
				0.0,
				-93673.607332875254,
				-77248.825641521486,
				-9814.8942176901473,
				388172.02949279168,
				-33227.796794088441,
				93673.607332875254,
				0.0,
				0.0,
				822463.24595314264,
				-33227.796794088441,
				690945.0,
				0.0,
				0.0,
				-822463.24595314264,
				0.0,
				93673.607332875254,
				0.0,
				690945.0,
				0.0,
				33227.796794088441,
				-93673.607332875254,
				0.0,
				0.0,
				0.0,
				690945.0
			],
			"source_node_id" : 0,
			"target_node_id" : 1,
			"transformation" : 
			[
				0.99999990475554223,
				0.00025178523377294239,
				-0.00035650119456347553,
				0.0,
				-0.00025204991778080986,
				0.99999969250875076,
				-0.00074259897947979547,
				0.0,
				0.00035631410948482766,
				0.0007426887648481395,
				0.99999966072676927,
				0.0,
				0.0096425599523619777,
				-0.00062281206116925275,
				1.5478057742091602e-07,
				1.0
			],
			"uncertain" : false,
			"version_major" : 1,
			"version_minor" : 0
		},
		{
			"class_name" : "PoseGraphEdge",
			"confidence" : 1.0,
			"information" : 
			[
				1187727.0210067946,
				61851.844723391681,
				-78002.304666242577,
				0.0,
				-818141.22378104925,
				34241.58650954091,
				61851.844723391681,
				1360233.2057425962,
				-11552.262338749124,
				818141.22378104925,
				0.0,
				-94143.365893455455,
				-78002.304666242577,
				-11552.262338749124,
				386931.67804667848,
				-34241.58650954091,
				94143.365893455455,
				0.0,
				0.0,
				818141.22378104925,
				-34241.58650954091,
				687832.0,
				0.0,
				0.0,
				-818141.22378104925,
				0.0,
				94143.365893455455,
				0.0,
				687832.0,
				0.0,
				34241.58650954091,
				-94143.365893455455,
				0.0,
				0.0,
				0.0,
				687832.0
			],
			"source_node_id" : 1,
			"target_node_id" : 2,
			"transformation" : 
			[
				0.99999980721082382,
				0.00061690431820986746,
				-7.0762827092500728e-05,
				0.0,
				-0.00061692164593483252,
				0.99999977966422782,
				-0.00024511054674158938,
				0.0,
				7.0611601746195304e-05,
				0.0002451541546066893,
				0.9999999674567206,
				0.0,
				0.0099319572921766075,
				-0.00013396736666885075,
				-0.00022582587640252594,
				1.0
			],
			"uncertain" : false,
			"version_major" : 1,
			"version_minor" : 0
		},
		{
			"class_name" : "PoseGraphEdge",
			"confidence" : 1.0,
			"information" : 
			[
				1180326.2346123199,
				61289.710362077174,
				-77177.643144857298,
				0.0,
				-814042.38486111164,
				35863.799875303172,
				61289.710362077174,
				1351084.2967304694,
				-14290.656852287744,
				814042.38486111164,
				0.0,
				-93832.871911810827,
				-77177.643144857298,
				-14290.656852287744,
				383546.02287701721,
				-35863.799875303172,
				93832.871911810827,
				0.0,
				0.0,
				814042.38486111164,
				-35863.799875303172,
				685114.0,
				0.0,
				0.0,
				-814042.38486111164,
				0.0,
				93832.871911810827,
				0.0,
				685114.0,
				0.0,
				35863.799875303172,
				-93832.871911810827,
				0.0,
				0.0,
				0.0,
				685114.0
			],
			"source_node_id" : 2,
			"target_node_id" : 3,
			"transformation" : 
			[
				0.99999907781101338,
				-0.00017746779791069466,
				-0.0013464331782969715,
				0.0,
				0.00017847208675767252,
				0.99999970596134957,
				0.00074580488698829355,
				0.0,
				0.0013463004260426137,
				-0.00074604449995425049,
				0.99999881544568214,
				0.0,
				0.0082496756131677177,
				0.00068614641800660936,
				0.00076205792478371555,
				1.0
			],
			"uncertain" : false,
			"version_major" : 1,
			"version_minor" : 0
		},
		{
			"class_name" : "PoseGraphEdge",
			"confidence" : 1.0,
			"information" : 
			[
				1177448.0518358373,
				62300.703643380795,
				-79272.981880635038,
				0.0,
				-811730.23963963985,
				36044.676571919932,
				62300.703643380795,
				1349337.586057557,
				-14493.378736046276,
				811730.23963963985,
				0.0,
				-95114.1439013239,
				-79272.981880635038,
				-14493.378736046276,
				384424.42547232495,
				-36044.676571919932,
				95114.1439013239,
				0.0,
				0.0,
				811730.23963963985,
				-36044.676571919932,
				683194.0,
				0.0,
				0.0,
				-811730.23963963985,
				0.0,
				95114.1439013239,
				0.0,
				683194.0,
				0.0,
				36044.676571919932,
				-95114.1439013239,
				0.0,
				0.0,
				0.0,
				683194.0
			],
			"source_node_id" : 3,
			"target_node_id" : 4,
			"transformation" : 
			[
				0.99999978623203867,
				0.00037781716060524288,
				-0.0005336572587689597,
				0.0,
				-0.0003781142750532318,
				0.99999977352374547,
				-0.00055676031948131532,
				0.0,
				0.00053344678430522062,
				0.00055696198389132336,
				0.9999997026138947,
				0.0,
				0.0094884845157757591,
				-0.00020658437409255088,
				0.00030922050244708461,
				1.0
			],
			"uncertain" : false,
			"version_major" : 1,
			"version_minor" : 0
		},
		{
			"class_name" : "PoseGraphEdge",
			"confidence" : 1.0,
			"information" : 
			[
				1170671.1842552512,
				62569.961259348936,
				-80398.746080129815,
				0.0,
				-807772.24298918247,
				37264.484725441434,
				62569.961259348936,
				1343168.7477422743,
				-16602.2499371497,
				807772.24298918247,
				0.0,
				-95840.069449902512,
				-80398.746080129815,
				-16602.2499371497,
				383466.34773326985,
				-37264.484725441434,
				95840.069449902512,
				0.0,
				0.0,
				807772.24298918247,
				-37264.484725441434,
				680442.0,
				0.0,
				0.0,
				-807772.24298918247,
				0.0,
				95840.069449902512,
				0.0,
				680442.0,
				0.0,
				37264.484725441434,
				-95840.069449902512,
				0.0,
				0.0,
				0.0,
				680442.0
			],
			"source_node_id" : 4,
			"target_node_id" : 5,
			"transformation" : 
			[
				0.99999971917464303,
				0.00067039599012574003,
				-0.00033499231785480855,
				0.0,
				-0.00067038696662366515,
				0.99999977492483538,
				2.7048006070693626e-05,
				0.0,
				0.00033501037533116752,
				-2.6823423991118623e-05,
				0.99999994352427468,
				0.0,
				0.0095296971815495429,
				8.1835077231183964e-05,
				8.5651009884257865e-05,
				1.0
			],
			"uncertain" : false,
			"version_major" : 1,
			"version_minor" : 0
		},
		{
			"class_name" : "PoseGraphEdge",
			"confidence" : 1.0,
			"information" : 
			[
				1164259.1053838287,
				62839.572372945178,
				-80588.28447363968,
				0.0,
				-803764.99176067114,
				38051.812259374652,
				62839.572372945178,
				1336471.0806079998,
				-18022.458699299936,
				803764.99176067114,
				0.0,
				-95941.052526959684,
				-80588.28447363968,
				-18022.458699299936,
				381890.52141977265,
				-38051.812259374652,
				95941.052526959684,
				0.0,
				0.0,
				803764.99176067114,
				-38051.812259374652,
				677464.0,
				0.0,
				0.0,
				-803764.99176067114,
				0.0,
				95941.052526959684,
				0.0,
				677464.0,
				0.0,
				38051.812259374652,
				-95941.052526959684,
				0.0,
				0.0,
				0.0,
				677464.0
			],
			"source_node_id" : 5,
			"target_node_id" : 6,
			"transformation" : 
			[
				0.99999988439723042,
				0.00019976220927316946,
				-0.0004373792245273255,
				0.0,
				-0.00020003473037508249,
				0.9999997858523193,
				-0.00062312231737498744,
				0.0,
				0.00043725465457281022,
				0.00062320973637557337,
				0.9999997102089544,
				0.0,
				0.0095193880932260191,
				-0.00017933752815245459,
				-3.5031424795947323e-05,
				1.0
			],
			"uncertain" : false,
			"version_major" : 1,
			"version_minor" : 0
		},
		{
			"class_name" : "PoseGraphEdge",
			"confidence" : 1.0,
			"information" : 
			[
				1155906.8580170528,
				63195.990317553755,
				-80521.260192815418,
				0.0,
				-799337.59670937061,
				39184.325745460927,
				63195.990317553755,
				1327563.3971646221,
				-19933.204158076762,
				799337.59670937061,
				0.0,
				-95980.856219154783,
				-80521.260192815418,
				-19933.204158076762,
				379937.51285058883,
				-39184.325745460927,
				95980.856219154783,
				0.0,
				0.0,
				799337.59670937061,
				-39184.325745460927,
				674765.0,
				0.0,
				0.0,
				-799337.59670937061,
				0.0,
				95980.856219154783,
				0.0,
				674765.0,
				0.0,
				39184.325745460927,
				-95980.856219154783,
				0.0,
				0.0,
				0.0,
				674765.0
			],
			"source_node_id" : 6,
			"target_node_id" : 7,
			"transformation" : 
			[
				0.99999948987611409,
				0.00056522784961246151,
				-0.00083711706945463612,
				0.0,
				-0.0005656304144844844,
				0.99999972447767038,
				-0.00048073570354140172,
				0.0,
				0.0008368451136022485,
				0.00048120895718160444,
				0.99999953406398912,
				0.0,
				0.0086788476782026051,
				-0.00031319118431096085,
				0.00036192964142061593,
				1.0
			],
			"uncertain" : false,
			"version_major" : 1,
			"version_minor" : 0
		},
		{
			"class_name" : "PoseGraphEdge",
			"confidence" : 1.0,
			"information" : 
			[
				1154273.2212389109,
				63150.013663109581,
				-82053.954063252007,
				0.0,
				-797820.18390077353,
				40054.057076639147,
				63150.013663109581,
				1326715.2416765406,
				-21345.236345594596,
				797820.18390077353,
				0.0,
				-97129.859842687845,
				-82053.954063252007,
				-21345.236345594596,
				380097.10633919499,
				-40054.057076639147,
				97129.859842687845,
				0.0,
				0.0,
				797820.18390077353,
				-40054.057076639147,
				673285.0,
				0.0,
				0.0,
				-797820.18390077353,
				0.0,
				97129.859842687845,
				0.0,
				673285.0,
				0.0,
				40054.057076639147,
				-97129.859842687845,
				0.0,
				0.0,
				0.0,
				673285.0
			],
			"source_node_id" : 7,
			"target_node_id" : 8,
			"transformation" : 
			[
				0.9999999456128863,
				0.00023372631059016355,
				-0.00023269343819944775,
				0.0,
				-0.00023377957189519238,
				0.9999999464783379,
				-0.00022888956502435594,
				0.0,
				0.0002326399282317399,
				0.00022894395154807678,
				0.99999994673166426,
				0.0,
				0.0099215643775705693,
				-0.00040703326384820555,
				0.00010941566071704693,
				1.0
			],
			"uncertain" : false,
			"version_major" : 1,
			"version_minor" : 0
		},
		{
			"class_name" : "PoseGraphEdge",
			"confidence" : 1.0,
			"information" : 
			[
				1147632.7648054571,
				63280.42321720373,
				-82618.762279180519,
				0.0,
				-793888.79843050241,
				41252.072601806372,
				63280.42321720373,
				1319861.5852184717,
				-23408.404120630992,
				793888.79843050241,
				0.0,
				-97465.151406133082,
				-82618.762279180519,
				-23408.404120630992,
				378446.35450166377,
				-41252.072601806372,
				97465.151406133082,
				0.0,
				0.0,
				793888.79843050241,
				-41252.072601806372,
				670383.0,
				0.0,
				0.0,
				-793888.79843050241,
				0.0,
				97465.151406133082,
				0.0,
				670383.0,
				0.0,
				41252.072601806372,
				-97465.151406133082,
				0.0,
				0.0,
				0.0,
				670383.0
			],
			"source_node_id" : 8,
			"target_node_id" : 9,
			"transformation" : 
			[
				0.99999929642710905,
				-1.289730865853135e-05,
				-0.0011861614331925279,
				0.0,
				1.393187383853502e-05,
				0.99999961954360461,
				0.00087219180781603273,
				0.0,
				0.0011861497329828732,
				-0.00087220771961696027,
				0.99999891615066538,
				0.0,
				0.0086650235911196454,
				0.00077245687583307363,
				0.00087212254714923827,
				1.0
			],
			"uncertain" : false,
			"version_major" : 1,
			"version_minor" : 0
		},
		{
			"class_name" : "PoseGraphEdge",
			"confidence" : 1.0,
			"information" : 
			[
				1141538.8255359184,
				63711.042051935001,
				-83596.168817290425,
				0.0,
				-790301.47219377756,
				42034.120928073768,
				63711.042051935001,
				1314729.3640278743,
				-24646.208894657866,
				790301.47219377756,
				0.0,
				-97982.946522030979,
				-83596.168817290425,
				-24646.208894657866,
				378326.11255258811,
				-42034.120928073768,
				97982.946522030979,
				0.0,
				0.0,
				790301.47219377756,
				-42034.120928073768,
				667972.0,
				0.0,
				0.0,
				-790301.47219377756,
				0.0,
				97982.946522030979,
				0.0,
				667972.0,
				0.0,
				42034.120928073768,
				-97982.946522030979,
				0.0,
				0.0,
				0.0,
				667972.0
			],
			"source_node_id" : 9,
			"target_node_id" : 10,
			"transformation" : 
			[
				0.9999998039056438,
				0.00052293335592102101,
				-0.00034457129926866042,
				0.0,
				-0.00052293013747959499,
				0.99999986322755952,
				9.4304494034696613e-06,
				0.0,
				0.00034457618363735779,
				-9.2502608373150322e-06,
				0.99999994059084163,
				0.0,
				0.0095082411782877359,
				-6.1730833699405214e-05,
				0.00012021891742572405,
				1.0
			],
			"uncertain" : false,
			"version_major" : 1,
			"version_minor" : 0
		},
		{
			"class_name" : "PoseGraphEdge",
			"confidence" : 1.0,
			"information" : 
			[
				1140089.0843801778,
				63854.689041449245,
				-83439.151306255953,
				0.0,
				-788563.76894187927,
				43112.807762974524,
				63854.689041449245,
				1313446.9906382302,
				-26491.179370897422,
				788563.76894187927,
				0.0,
				-97983.175786734093,
				-83439.151306255953,
				-26491.179370897422,
				377620.98793871835,
				-43112.807762974524,
				97983.175786734093,
				0.0,
				0.0,
				788563.76894187927,
				-43112.807762974524,
				665791.0,
				0.0,
				0.0,
				-788563.76894187927,
				0.0,
				97983.175786734093,
				0.0,
				665791.0,
				0.0,
				43112.807762974524,
				-97983.175786734093,
				0.0,
				0.0,
				0.0,
				665791.0
			],
			"source_node_id" : 10,
			"target_node_id" : 11,
			"transformation" : 
			[
				0.99999607962950776,
				0.00043296098928062349,
				-0.0027664544812645991,
				0.0,
				-0.00043308858244233583,
				0.99999990518097959,
				-4.5522652841036461e-05,
				0.0,
				0.0027664345094192879,
				4.6720594225053833e-05,
				0.99999617232132021,
				0.0,
				0.0064924018000545409,
				7.4248514868568839e-05,
				0.0019841484626031691,
				1.0
			],
			"uncertain" : false,
			"version_major" : 1,
			"version_minor" : 0
		},
		{
			"class_name" : "PoseGraphEdge",
			"confidence" : 1.0,
			"information" : 
			[
				1130444.116255587,
				64152.901981955627,
				-85656.116039184824,
				0.0,
				-783309.34949076176,
				43990.025493958266,
				64152.901981955627,
				1304946.2747036132,
				-27947.221790809137,
				783309.34949076176,
				0.0,
				-99111.280063406564,
				-85656.116039184824,
				-27947.221790809137,
				377228.24605636235,
				-43990.025493958266,
				99111.280063406564,
				0.0,
				0.0,
				783309.34949076176,
				-43990.025493958266,
				662624.0,
				0.0,
				0.0,
				-783309.34949076176,
				0.0,
				99111.280063406564,
				0.0,
				662624.0,
				0.0,
				43990.025493958266,
				-99111.280063406564,
				0.0,
				0.0,
				0.0,
				662624.0
			],
			"source_node_id" : 11,
			"target_node_id" : 12,
			"transformation" : 
			[
				0.99999999125920158,
				1.0574439663948424e-05,
				-0.00013179445501462092,
				0.0,
				-1.0602340592778425e-05,
				0.99999997753504855,
				-0.00021170142331275465,
				0.0,
				0.00013179221342993804,
				0.00021170281879201387,
				0.99999996890636422,
				0.0,
				0.0099635616100775329,
				0.00019499971903849916,
				-5.1741087600691313e-05,
				1.0
			],
			"uncertain" : false,
			"version_major" : 1,
			"version_minor" : 0
		},
		{
			"class_name" : "PoseGraphEdge",
			"confidence" : 1.0,
			"information" : 
			[
				1123951.3670844205,
				64385.596198176725,
				-86167.612541090915,
				0.0,
				-778873.3876042366,
				44437.887953875819,
				64385.596198176725,
				1299020.959890136,
				-29105.182053678585,
				778873.3876042366,
				0.0,
				-99280.245282092132,
				-86167.612541090915,
				-29105.182053678585,
				376271.38820931793,
				-44437.887953875819,
				99280.245282092132,
				0.0,
				0.0,
				778873.3876042366,
				-44437.887953875819,
				658760.0,
				0.0,
				0.0,
				-778873.3876042366,
				0.0,
				99280.245282092132,
				0.0,
				658760.0,
				0.0,
				44437.887953875819,
				-99280.245282092132,
				0.0,
				0.0,
				0.0,
				658760.0
			],
			"source_node_id" : 12,
			"target_node_id" : 13,
			"transformation" : 
			[
				0.99999999476156121,
				2.9364687709152282e-05,
				-9.8054025349163015e-05,
				0.0,
				-2.9451959113785784e-05,
				0.99999960338173688,
				-0.00089015108367206054,
				0.0,
				9.8027847450561658e-05,
				0.00089015396689220462,
				0.99999959900814772,
				0.0,
				0.0099037646151816511,
				-0.00043213608594936981,
				-0.00039094642406276172,
				1.0
			],
			"uncertain" : false,
			"version_major" : 1,
			"version_minor" : 0
		},
		{
			"class_name" : "PoseGraphEdge",
			"confidence" : 1.0,
			"information" : 
			[
				1122395.9836708929,
				64438.022897968222,
				-86517.292427475797,
				0.0,
				-777697.15885305405,
				45898.376323449891,
				64438.022897968222,
				1297608.3067418849,
				-31046.924390069442,
				777697.15885305405,
				0.0,
				-99521.013899282319,
				-86517.292427475797,
				-31046.924390069442,
				375909.78281685576,
				-45898.376323449891,
				99521.013899282319,
				0.0,
				0.0,
				777697.15885305405,
				-45898.376323449891,
				657852.0,
				0.0,
				0.0,
				-777697.15885305405,
				0.0,
				99521.013899282319,
				0.0,
				657852.0,
				0.0,
				45898.376323449891,
				-99521.013899282319,
				0.0,
				0.0,
				0.0,
				657852.0
			],
			"source_node_id" : 13,
			"target_node_id" : 14,
			"transformation" : 
			[
				0.99999880796496365,
				0.00048623416306596231,
				-0.0014654845583248822,
				0.0,
				-0.00048588944438284832,
				0.99999985420865156,
				0.00023557190668534118,
				0.0,
				0.0014655988877788054,
				-0.00023485956239757932,
				0.99999889842983669,
				0.0,
				0.0084884121767124267,
				0.00046856516284464998,
				0.0010280969404754634,
				1.0
			],
			"uncertain" : false,
			"version_major" : 1,
			"version_minor" : 0
		},
		{
			"class_name" : "PoseGraphEdge",
			"confidence" : 1.0,
			"information" : 
			[
				1119798.5042118931,
				64632.489790089021,
				-87426.448816110933,
				0.0,
				-775719.38341605663,
				46612.733927673893,
				64632.489790089021,
				1295794.5589485343,
				-32140.289034323108,
				775719.38341605663,
				0.0,
				-100059.58974504471,
				-87426.448816110933,
				-32140.289034323108,
				375983.73382930399,
				-46612.733927673893,
				100059.58974504471,
				0.0,
				0.0,
				775719.38341605663,
				-46612.733927673893,
				656099.0,
				0.0,
				0.0,
				-775719.38341605663,
				0.0,
				100059.58974504471,
				0.0,
				656099.0,
				0.0,
				46612.733927673893,
				-100059.58974504471,
				0.0,
				0.0,
				0.0,
				656099.0
			],
			"source_node_id" : 14,
			"target_node_id" : 15,
			"transformation" : 
			[
				0.99999974394076208,
				5.9007459356497494e-05,
				-0.00071318758407421196,
				0.0,
				-5.8475636490997635e-05,
				0.99999972025878614,
				0.00074569628494049146,
				0.0,
				0.00071323138620948208,
				-0.00074565438990015144,
				0.9999994676501186,
				0.0,
				0.0090269967481819129,
				0.00047245551632378439,
				0.00064882058720665704,
				1.0
			],
			"uncertain" : false,
			"version_major" : 1,
			"version_minor" : 0
		},
		{
			"class_name" : "PoseGraphEdge",
			"confidence" : 1.0,
			"information" : 
			[
				1117372.0689789397,
				64783.469244210821,
				-88061.167907395822,
				0.0,
				-773479.22887098789,
				46995.870052026934,
				64783.469244210821,
				1293423.3984698688,
				-32494.792056644419,
				773479.22887098789,
				0.0,
				-100365.64470639825,
				-88061.167907395822,
				-32494.792056644419,
				375647.38860406686,
				-46995.870052026934,
				100365.64470639825,
				0.0,
				0.0,
				773479.22887098789,
				-46995.870052026934,
				654184.0,
				0.0,
				0.0,
				-773479.22887098789,
				0.0,
				100365.64470639825,
				0.0,
				654184.0,
				0.0,
				46995.870052026934,
				-100365.64470639825,
				0.0,
				0.0,
				0.0,
				654184.0
			],
			"source_node_id" : 15,
			"target_node_id" : 16,
			"transformation" : 
			[
				0.99999986641111671,
				0.00050954310882213446,
				-8.6853726361016382e-05,
				0.0,
				-0.0005095626734479443,
				0.99999984477341464,
				-0.00022538639801063354,
				0.0,
				8.6738868793081715e-05,
				0.00022543062531851953,
				0.9999999708287004,
				0.0,
				0.010053238998986911,
				3.1115970509432682e-05,
				9.5744897032429494e-05,
				1.0
			],
			"uncertain" : false,
			"version_major" : 1,
			"version_minor" : 0
		},
		{
			"class_name" : "PoseGraphEdge",
			"confidence" : 1.0,
			"information" : 
			[
				1115150.4779903097,
				64929.278395751295,
				-88595.404511045112,
				0.0,
				-771154.65072840452,
				47617.082395503297,
				64929.278395751295,
				1291428.0913806893,
				-33241.063571313636,
				771154.65072840452,
				0.0,
				-100705.61653020978,
				-88595.404511045112,
				-33241.063571313636,
				375342.28114365286,
				-47617.082395503297,
				100705.61653020978,
				0.0,
				0.0,
				771154.65072840452,
				-47617.082395503297,
				651900.0,
				0.0,
				0.0,
				-771154.65072840452,
				0.0,
				100705.61653020978,
				0.0,
				651900.0,
				0.0,
				47617.082395503297,
				-100705.61653020978,
				0.0,
				0.0,
				0.0,
				651900.0
			],
			"source_node_id" : 16,
			"target_node_id" : 17,
			"transformation" : 
			[
				0.99999996698979599,
				0.00025544818094536218,
				2.768813592727771e-05,
				0.0,
				-0.00025544246166920209,
				0.99999994608077536,
				-0.00020636762313262227,
				0.0,
				-2.7740850668290124e-05,
				0.0002063605435947839,
				0.99999997832288556,
				0.0,
				0.01029796479817347,
				5.9384224112820735e-05,
				-2.1852903389866765e-05,
				1.0
			],
			"uncertain" : false,
			"version_major" : 1,
			"version_minor" : 0
		},
		{
			"class_name" : "PoseGraphEdge",
			"confidence" : 1.0,
			"information" : 
			[
				1113794.3674797462,
				65156.890750181345,
				-88477.920650372413,
				0.0,
				-769311.27425330877,
				48006.067113839556,
				65156.890750181345,
				1290100.1616624857,
				-33846.501289409454,
				769311.27425330877,
				0.0,
				-100482.26419005916,
				-88477.920650372413,
				-33846.501289409454,
				374859.3263044054,
				-48006.067113839556,
				100482.26419005916,
				0.0,
				0.0,
				769311.27425330877,
				-48006.067113839556,
				649795.0,
				0.0,
				0.0,
				-769311.27425330877,
				0.0,
				100482.26419005916,
				0.0,
				649795.0,
				0.0,
				48006.067113839556,
				-100482.26419005916,
				0.0,
				0.0,
				0.0,
				649795.0
			],
			"source_node_id" : 17,
			"target_node_id" : 18,
			"transformation" : 
			[
				0.99999994237624878,
				0.00033484041468644619,
				5.5941011329341191e-05,
				0.0,
				-0.00033482154051293146,
				0.99999988714133248,
				-0.00033706357991480863,
				0.0,
				-5.6053867524788063e-05,
				0.00033704483023634771,
				0.99999994162937123,
				0.0,
				0.010241161314865323,
				8.1804092583843618e-05,
				-0.00014965616708317476,
				1.0
			],
			"uncertain" : false,
			"version_major" : 1,
			"version_minor" : 0
		},
		{
			"class_name" : "PoseGraphEdge",
			"confidence" : 1.0,
			"information" : 
			[
				1114024.432913291,
				65135.407299846906,
				-89023.209265552417,
				0.0,
				-768830.13789856434,
				48863.69481295126,
				65135.407299846906,
				1290412.3460828094,
				-34964.87429908599,
				768830.13789856434,
				0.0,
				-100869.55601657671,
				-89023.209265552417,
				-34964.87429908599,
				374789.93730305781,
				-48863.69481295126,
				100869.55601657671,
				0.0,
				0.0,
				768830.13789856434,
				-48863.69481295126,
				648932.0,
				0.0,
				0.0,
				-768830.13789856434,
				0.0,
				100869.55601657671,
				0.0,
				648932.0,
				0.0,
				48863.69481295126,
				-100869.55601657671,
				0.0,
				0.0,
				0.0,
				648932.0
			],
			"source_node_id" : 18,
			"target_node_id" : 19,
			"transformation" : 
			[
				0.99999974957563453,
				-1.7347993369724199e-06,
				-0.00070770449908372603,
				0.0,
				2.1739322280404319e-06,
				0.99999980748570505,
				0.00062050288108208456,
				0.0,
				0.00070770328639250537,
				-0.00062050426419466356,
				0.99999955706516019,
				0.0,
				0.0089932668176400544,
				0.00028070716768323318,
				0.00070333216518496497,
				1.0
			],
			"uncertain" : false,
			"version_major" : 1,
			"version_minor" : 0
		},
		{
			"class_name" : "PoseGraphEdge",
			"confidence" : 1.0,
			"information" : 
			[
				1111129.1522563384,
				65231.112115262316,
				-89364.331790314784,
				0.0,
				-766223.72052741051,
				49316.049790869933,
				65231.112115262316,
				1287580.7928078196,
				-35408.986182594483,
				766223.72052741051,
				0.0,
				-100984.77416434139,
				-89364.331790314784,
				-35408.986182594483,
				374361.16336794756,
				-49316.049790869933,
				100984.77416434139,
				0.0,
				0.0,
				766223.72052741051,
				-49316.049790869933,
				646744.0,
				0.0,
				0.0,
				-766223.72052741051,
				0.0,
				100984.77416434139,
				0.0,
				646744.0,
				0.0,
				49316.049790869933,
				-100984.77416434139,
				0.0,
				0.0,
				0.0,
				646744.0
			],
			"source_node_id" : 19,
			"target_node_id" : 20,
			"transformation" : 
			[
				0.99999996815945436,
				-0.00020108050225563521,
				-0.00015247203841229671,
				0.0,
				0.00020104233845863128,
				0.99999994847236695,
				-0.00025027432896824933,
				0.0,
				0.00015252235584354301,
				0.00025024366766422581,
				0.99999995705751721,
				0.0,
				0.010049529657411477,
				0.00014169881153854654,
				-6.0425597558344784e-05,
				1.0
			],
			"uncertain" : false,
			"version_major" : 1,
			"version_minor" : 0
		},
		{
			"class_name" : "PoseGraphEdge",
			"confidence" : 1.0,
			"information" : 
			[
				1109826.5586454216,
				65357.080359189735,
				-89303.672801700566,
				0.0,
				-764607.57152187824,
				49903.024945904501,
				65357.080359189735,
				1286250.7647587666,
				-36142.354944104176,
				764607.57152187824,
				0.0,
				-100835.84893993242,
				-89303.672801700566,
				-36142.354944104176,
				373895.66565646132,
				-49903.024945904501,
				100835.84893993242,
				0.0,
				0.0,
				764607.57152187824,
				-49903.024945904501,
				645045.0,
				0.0,
				0.0,
				-764607.57152187824,
				0.0,
				100835.84893993242,
				0.0,
				645045.0,
				0.0,
				49903.024945904501,
				-100835.84893993242,
				0.0,
				0.0,
				0.0,
				645045.0
			],
			"source_node_id" : 20,
			"target_node_id" : 21,
			"transformation" : 
			[
				0.99999970681662387,
				0.00049131286351941487,
				-0.00058734856423001776,
				0.0,
				-0.00049114954504847399,
				0.99999984069608816,
				0.0002781724681236962,
				0.0,
				0.00058748514037495927,
				-0.00027788391058804635,
				0.99999978882084806,
				0.0,
				0.0092606197848006666,
				0.00024376848455091971,
				0.00017093445387868439,
				1.0
			],
			"uncertain" : false,
			"version_major" : 1,
			"version_minor" : 0
		},
		{
			"class_name" : "PoseGraphEdge",
			"confidence" : 1.0,
			"information" : 
			[
				1107710.1342738701,
				65473.765406922277,
				-89823.452821409854,
				0.0,
				-762167.46047872305,
				49956.766361212474,
				65473.765406922277,
				1284552.0229976939,
				-36457.828022750538,
				762167.46047872305,
				0.0,
				-101188.31489270693,
				-89823.452821409854,
				-36457.828022750538,
				373578.40064233774,
				-49956.766361212474,
				101188.31489270693,
				0.0,
				0.0,
				762167.46047872305,
				-49956.766361212474,
				642216.0,
				0.0,
				0.0,
				-762167.46047872305,
				0.0,
				101188.31489270693,
				0.0,
				642216.0,
				0.0,
				49956.766361212474,
				-101188.31489270693,
				0.0,
				0.0,
				0.0,
				642216.0
			],
			"source_node_id" : 21,
			"target_node_id" : 22,
			"transformation" : 
			[
				0.99999999336070622,
				0.00010299806982574827,
				5.1671896220057891e-05,
				0.0,
				-0.00010298070514145927,
				0.99999993826734934,
				-0.00033594682862710313,
				0.0,
				-5.170649490512801e-05,
				0.00033594150518834594,
				0.9999999422348701,
				0.0,
				0.01026128960817071,
				0.00013168473053737243,
				-0.00023300536622939392,
				1.0
			],
			"uncertain" : false,
			"version_major" : 1,
			"version_minor" : 0
		},
		{
			"class_name" : "PoseGraphEdge",
			"confidence" : 1.0,
			"information" : 
			[
				1108328.8437841611,
				65599.781085680341,
				-90309.267457894952,
				0.0,
				-762206.18839740753,
				50978.167266710079,
				65599.781085680341,
				1285255.0029565704,
				-37549.026327455736,
				762206.18839740753,
				0.0,
				-101411.16926848295,
				-90309.267457894952,
				-37549.026327455736,
				373734.40145229589,
				-50978.167266710079,
				101411.16926848295,
				0.0,
				0.0,
				762206.18839740753,
				-50978.167266710079,
				642191.0,
				0.0,
				0.0,
				-762206.18839740753,
				0.0,
				101411.16926848295,
				0.0,
				642191.0,
				0.0,
				50978.167266710079,
				-101411.16926848295,
				0.0,
				0.0,
				0.0,
				642191.0
			],
			"source_node_id" : 22,
			"target_node_id" : 23,
			"transformation" : 
			[
				0.99999989887457397,
				0.00014992721663139051,
				-0.0004239960747839523,
				0.0,
				-0.00014981628985470078,
				0.9999999545493119,
				0.00026164183875312204,
				0.0,
				0.00042403528274567937,
				-0.00026157829077564195,
				0.99999987588543082,
				0.0,
				0.0093860260911392823,
				-5.1911243570581041e-05,
				0.00058645675498451562,
				1.0
			],
			"uncertain" : false,
			"version_major" : 1,
			"version_minor" : 0
		},
		{
			"class_name" : "PoseGraphEdge",
			"confidence" : 1.0,
			"information" : 
			[
				1105030.9822720143,
				65672.389025713957,
				-90449.802487422654,
				0.0,
				-759422.44505792856,
				51440.309130468406,
				65672.389025713957,
				1282058.2352084483,
				-38036.866134556549,
				759422.44505792856,
				0.0,
				-101409.48605200276,
				-90449.802487422654,
				-38036.866134556549,
				373294.73835113936,
				-51440.309130468406,
				101409.48605200276,
				0.0,
				0.0,
				759422.44505792856,
				-51440.309130468406,
				639865.0,
				0.0,
				0.0,
				-759422.44505792856,
				0.0,
				101409.48605200276,
				0.0,
				639865.0,
				0.0,
				51440.309130468406,
				-101409.48605200276,
				0.0,
				0.0,
				0.0,
				639865.0
			],
			"source_node_id" : 23,
			"target_node_id" : 24,
			"transformation" : 
			[
				0.99999999400628614,
				0.00010520941813986185,
				-3.0305220302631777e-05,
				0.0,
				-0.00010521269533684555,
				0.99999998861602513,
				-0.00010815839770132356,
				0.0,
				3.0293840675548221e-05,
				0.0001081615855469642,
				0.99999999369167725,
				0.0,
				0.010211761332149811,
				0.00023745118664076216,
				-5.4035597176555121e-05,
				1.0
			],
			"uncertain" : false,
			"version_major" : 1,
			"version_minor" : 0
		},
		{
			"class_name" : "PoseGraphEdge",
			"confidence" : 1.0,
			"information" : 
			[
				1104836.0534308341,
				65872.793791007047,
				-90581.326765681719,
				0.0,
				-758644.02055180073,
				51868.106888774317,
				65872.793791007047,
				1281878.0239564104,
				-38548.915529244703,
				758644.02055180073,
				0.0,
				-101434.2096477747,
				-90581.326765681719,
				-38548.915529244703,
				373063.65711243631,
				-51868.106888774317,
				101434.2096477747,
				0.0,
				0.0,
				758644.02055180073,
				-51868.106888774317,
				638876.0,
				0.0,
				0.0,
				-758644.02055180073,
				0.0,
				101434.2096477747,
				0.0,
				638876.0,
				0.0,
				51868.106888774317,
				-101434.2096477747,
				0.0,
				0.0,
				0.0,
				638876.0
			],
			"source_node_id" : 24,
			"target_node_id" : 25,
			"transformation" : 
			[
				0.99999976471763263,
				0.0006756444358506533,
				-0.00011861397755591279,
				0.0,
				-0.00067567184185152835,
				0.99999974501530342,
				-0.00023116420813969321,
				0.0,
				0.00011845776250016439,
				0.00023124429787551649,
				0.99999996624691589,
				0.0,
				0.0099377706254278921,
				-9.2640466108790949e-05,
				2.3185829077068977e-05,
				1.0
			],
			"uncertain" : false,
			"version_major" : 1,
			"version_minor" : 0
		},
		{
			"class_name" : "PoseGraphEdge",
			"confidence" : 1.0,
			"information" : 
			[
				1103811.0866357568,
				65876.459196038209,
				-91284.141994134334,
				0.0,
				-757274.46701258421,
				52428.10106237547,
				65876.459196038209,
				1280942.0688771775,
				-39287.415078326478,
				757274.46701258421,
				0.0,
				-101843.53644563211,
				-91284.141994134334,
				-39287.415078326478,
				372807.70664009999,
				-52428.10106237547,
				101843.53644563211,
				0.0,
				0.0,
				757274.46701258421,
				-52428.10106237547,
				637339.0,
				0.0,
				0.0,
				-757274.46701258421,
				0.0,
				101843.53644563211,
				0.0,
				637339.0,
				0.0,
				52428.10106237547,
				-101843.53644563211,
				0.0,
				0.0,
				0.0,
				637339.0
			],
			"source_node_id" : 25,
			"target_node_id" : 26,
			"transformation" : 
			[
				0.99999996548319858,
				-0.00012299996709748209,
				-0.00023217366471720621,
				0.0,
				0.00012298419466450977,
				0.99999999012905783,
				-6.7946827157675893e-05,
				0.0,
				0.00023218201988293687,
				6.7918271121194203e-05,
				0.99999997073930869,
				0.0,
				0.0099980066594401052,
				-0.00036730652191771724,
				0.0003650747328632762,
				1.0
			],
			"uncertain" : false,
			"version_major" : 1,
			"version_minor" : 0
		},
		{
			"class_name" : "PoseGraphEdge",
			"confidence" : 1.0,
			"information" : 
			[
				1106613.3459965973,
				65848.856687396939,
				-90448.551035819954,
				0.0,
				-757546.40783303976,
				52985.196294407244,
				65848.856687396939,
				1283114.3123048528,
				-40105.54168742647,
				757546.40783303976,
				0.0,
				-101436.45024610416,
				-90448.551035819954,
				-40105.54168742647,
				372092.10809650354,
				-52985.196294407244,
				101436.45024610416,
				0.0,
				0.0,
				757546.40783303976,
				-52985.196294407244,
				636210.0,
				0.0,
				0.0,
				-757546.40783303976,
				0.0,
				101436.45024610416,
				0.0,
				636210.0,
				0.0,
				52985.196294407244,
				-101436.45024610416,
				0.0,
				0.0,
				0.0,
				636210.0
			],
			"source_node_id" : 26,
			"target_node_id" : 27,
			"transformation" : 
			[
				0.99999371683559479,
				0.00015875567488407203,
				-0.0035413395723954766,
				0.0,
				-0.00015806491997282838,
				0.99999996843010786,
				0.0001953337241689864,
				0.0,
				0.0035413704709329817,
				-0.00019477273529897707,
				0.99999371035960505,
				0.0,
				0.0057441638992291287,
				0.00031953357638430724,
				0.0029643896168115827,
				1.0
			],
			"uncertain" : false,
			"version_major" : 1,
			"version_minor" : 0
		},
		{
			"class_name" : "PoseGraphEdge",
			"confidence" : 1.0,
			"information" : 
			[
				1106159.7345978774,
				66005.282151367748,
				-91063.142289339827,
				0.0,
				-756175.10879302025,
				52857.096873052302,
				66005.282151367748,
				1282695.221264231,
				-39218.019570068391,
				756175.10879302025,
				0.0,
				-101438.96658427175,
				-91063.142289339827,
				-39218.019570068391,
				372557.62617650803,
				-52857.096873052302,
				101438.96658427175,
				0.0,
				0.0,
				756175.10879302025,
				-52857.096873052302,
				635089.0,
				0.0,
				0.0,
				-756175.10879302025,
				0.0,
				101438.96658427175,
				0.0,
				635089.0,
				0.0,
				52857.096873052302,
				-101438.96658427175,
				0.0,
				0.0,
				0.0,
				635089.0
			],
			"source_node_id" : 27,
			"target_node_id" : 28,
			"transformation" : 
			[
				0.99999974929266222,
				-0.00014122402104333029,
				-0.00069388067395495512,
				0.0,
				0.00014135879144812189,
				0.99999997115554917,
				0.00019418185819744871,
				0.0,
				0.00069385323079751687,
				-0.00019427989564811075,
				0.99999974041147499,
				0.0,
				0.0089511166142498821,
				0.00019254189659816798,
				-3.6397708589642587e-05,
				1.0
			],
			"uncertain" : false,
			"version_major" : 1,
			"version_minor" : 0
		},
		{
			"class_name" : "PoseGraphEdge",
			"confidence" : 1.0,
			"information" : 
			[
				1110844.7918172104,
				66055.431514046606,
				-91607.836362402144,
				0.0,
				-757236.85298854113,
				52758.781715525081,
				66055.431514046606,
				1287161.9510204357,
				-38583.762771091431,
				757236.85298854113,
				0.0,
				-101849.10451886139,
				-91607.836362402144,
				-38583.762771091431,
				373078.972128839,
				-52758.781715525081,
				101849.10451886139,
				0.0,
				0.0,
				757236.85298854113,
				-52758.781715525081,
				634713.0,
				0.0,
				0.0,
				-757236.85298854113,
				0.0,
				101849.10451886139,
				0.0,
				634713.0,
				0.0,
				52758.781715525081,
				-101849.10451886139,
				0.0,
				0.0,
				0.0,
				634713.0
			],
			"source_node_id" : 28,
			"target_node_id" : 29,
			"transformation" : 
			[
				0.99999989504299758,
				-0.00032652076343030276,
				-0.00032140034934376415,
				0.0,
				0.00032642323408530198,
				0.99999990068086597,
				-0.00030345696837336242,
				0.0,
				0.00032149940242354094,
				0.00030335202398195575,
				0.9999999023078362,
				0.0,
				0.00983985972316191,
				-0.00057285444189456546,
				0.00043139978235612141,
				1.0
			],
			"uncertain" : false,
			"version_major" : 1,
			"version_minor" : 0
		},
		{
			"class_name" : "PoseGraphEdge",
			"confidence" : 1.0,
			"information" : 
			[
				1115285.3688690553,
				65256.304924879165,
				-89564.524382518983,
				0.0,
				-757711.34199523926,
				53096.252134775161,
				65256.304924879165,
				1289034.7905227756,
				-38858.976340279354,
				757711.34199523926,
				0.0,
				-100869.49974909192,
				-89564.524382518983,
				-38858.976340279354,
				370828.25247811445,
				-53096.252134775161,
				100869.49974909192,
				0.0,
				0.0,
				757711.34199523926,
				-53096.252134775161,
				633438.0,
				0.0,
				0.0,
				-757711.34199523926,
				0.0,
				100869.49974909192,
				0.0,
				633438.0,
				0.0,
				53096.252134775161,
				-100869.49974909192,
				0.0,
				0.0,
				0.0,
				633438.0
			],
			"source_node_id" : 29,
			"target_node_id" : 30,
			"transformation" : 
			[
				0.99999584079176118,
				-0.00016243572223679814,
				-0.0028795857018496735,
				0.0,
				0.00016464956904483214,
				0.9999996910822132,
				0.00076858701376825275,
				0.0,
				0.0028794599663077487,
				-0.00076905793959965141,
				0.99999555862023104,
				0.0,
				0.0070473220741607808,
				0.00068799619663923914,
				0.0023350501425738268,
				1.0
			],
			"uncertain" : false,
			"version_major" : 1,
			"version_minor" : 0
		},
		{
			"class_name" : "PoseGraphEdge",
			"confidence" : 1.0,
			"information" : 
			[
				1119534.5261660398,
				66291.026776349056,
				-91429.436201307646,
				0.0,
				-759012.65745162964,
				52654.407633834635,
				66291.026776349056,
				1295417.658501301,
				-37322.851200827332,
				759012.65745162964,
				0.0,
				-101574.57203666051,
				-91429.436201307646,
				-37322.851200827332,
				374148.9552301729,
				-52654.407633834635,
				101574.57203666051,
				0.0,
				0.0,
				759012.65745162964,
				-52654.407633834635,
				633917.0,
				0.0,
				0.0,
				-759012.65745162964,
				0.0,
				101574.57203666051,
				0.0,
				633917.0,
				0.0,
				52654.407633834635,
				-101574.57203666051,
				0.0,
				0.0,
				0.0,
				633917.0
			],
			"source_node_id" : 30,
			"target_node_id" : 31,
			"transformation" : 
			[
				0.9999996997539935,
				0.00058403890913734889,
				-0.00050930391293699966,
				0.0,
				-0.0005840159616442123,
				0.99999982844095681,
				4.5204138150698038e-05,
				0.0,
				0.00050933022653684192,
				-4.4906682963853257e-05,
				0.99999986928304663,
				0.0,
				0.0090337390391882575,
				1.4387326146884934e-05,
				0.00066622306348112766,
				1.0
			],
			"uncertain" : false,
			"version_major" : 1,
			"version_minor" : 0
		},
		{
			"class_name" : "PoseGraphEdge",
			"confidence" : 1.0,
			"information" : 
			[
				1123038.8205160564,
				66108.043210546573,
				-91437.857247921798,
				0.0,
				-759238.57189977169,
				52800.259912512032,
				66108.043210546573,
				1297795.0469559215,
				-37124.134302025799,
				759238.57189977169,
