{
	"class_name" : "PoseGraph",
	"edges" : 
	[
		{
			"class_name" : "PoseGraphEdge",
			"confidence" : 1.0,
			"information" : 
			[
				1101620.8830669327,
				-60633.346980255999,
				233744.20192607338,
				0.0,
				-701109.21937471628,
				72740.809956402052,
				-60633.346980255999,
				1332550.2554807577,
				-57853.842038534574,
				701109.21937471628,
				0.0,
				184569.29687979701,
				233744.20192607338,
				-57853.842038534574,
				419429.69978478749,
				-72740.809956402052,
				-184569.29687979701,
				0.0,
				0.0,
				701109.21937471628,
				-72740.809956402052,
				563940.0,
				0.0,
				0.0,
				-701109.21937471628,
				0.0,
				-184569.29687979701,
				0.0,
				563940.0,
				0.0,
				72740.809956402052,
				184569.29687979701,
				0.0,
				0.0,
				0.0,
				563940.0
			],
			"source_node_id" : 0,
			"target_node_id" : 1,
			"transformation" : 
			[
				0.99999955622126668,
				0.00068334015369995213,
				-0.00064853951625922391,
				0.0,
				-0.00068317397149320817,
				0.9999997337590617,
				0.00025642763090046803,
				0.0,
				0.00064871457088816627,
				-0.0002559844517863438,
				0.99999975682065334,
				0.0,
				0.0091606178653314291,
				0.00032104717029264281,
				-0.00070696974635420836,
				1.0
			],
			"uncertain" : false,
			"version_major" : 1,
			"version_minor" : 0
		},
		{
			"class_name" : "PoseGraphEdge",
			"confidence" : 1.0,
			"information" : 
			[
				1100031.9630607658,
				-60624.989581313384,
				231696.13072954348,
				0.0,
				-701843.94899904728,
				72804.500415028888,
				-60624.989581313384,
				1330159.0284418461,
				-58203.145025501923,
				701843.94899904728,
				0.0,
				183896.64860220742,
				231696.13072954348,
				-58203.145025501923,
				418694.09268374497,
				-72804.500415028888,
				-183896.64860220742,
				0.0,
				0.0,
				701843.94899904728,
				-72804.500415028888,
				565637.0,
				0.0,
				0.0,
				-701843.94899904728,
				0.0,
				-183896.64860220742,
				0.0,
				565637.0,
				0.0,
				72804.500415028888,
				183896.64860220742,
				0.0,
				0.0,
				0.0,
				565637.0
			],
			"source_node_id" : 1,
			"target_node_id" : 2,
			"transformation" : 
			[
				0.99999992941850491,
				0.00018755886431530967,
				-0.00032555284933954889,
				0.0,
				-0.00018747318831150312,
				0.99999994779468415,
				0.00026318136839594941,
				0.0,
				0.00032560219434252355,
				-0.00026312031738958406,
				0.99999991237545083,
				0.0,
				0.0098148971639665655,
				0.00027363519853949121,
				6.7815110290812331e-05,
				1.0
			],
			"uncertain" : false,
			"version_major" : 1,
			"version_minor" : 0
		},
		{
			"class_name" : "PoseGraphEdge",
			"confidence" : 1.0,
			"information" : 
			[
				1097914.3503866429,
				-60314.096784343674,
				231072.49956107858,
				0.0,
				-701599.38398766518,
				72264.187930123531,
				-60314.096784343674,
				1327167.2967307549,
				-57809.321856558468,
				701599.38398766518,
				0.0,
				184335.24416517996,
				231072.49956107858,
				-57809.321856558468,
				417389.87478493591,
				-72264.187930123531,
				-184335.24416517996,
				0.0,
				0.0,
				701599.38398766518,
				-72264.187930123531,
				566030.0,
				0.0,
				0.0,
				-701599.38398766518,
				0.0,
				-184335.24416517996,
				0.0,
				566030.0,
				0.0,
				72264.187930123531,
				184335.24416517996,
				0.0,
				0.0,
				0.0,
				566030.0
			],
			"source_node_id" : 2,
			"target_node_id" : 3,
			"transformation" : 
			[
				0.99999948315272524,
				0.00072640744898392685,
				-0.00071135539653991516,
				0.0,
				-0.00072637004654977396,
				0.99999973479741788,
				5.2836052956803771e-05,
				0.0,
				0.00071139358838907222,
				-5.2319318396135952e-05,
				0.99999974559089322,
				0.0,
				0.0093294342317512893,
				5.1838971196980978e-05,
				-0.00079288430029692567,
				1.0
			],
			"uncertain" : false,
			"version_major" : 1,
			"version_minor" : 0
		},
		{
			"class_name" : "PoseGraphEdge",
			"confidence" : 1.0,
			"information" : 
			[
				1101080.7828355026,
				-60476.545827873546,
				231712.7563593268,
				0.0,
				-704247.524977386,
				71711.272431221325,
				-60476.545827873546,
				1330386.6992042726,
				-57069.870699901672,
				704247.524977386,
				0.0,
				185368.37622109521,
				231712.7563593268,
				-57069.870699901672,
				418118.52717570384,
				-71711.272431221325,
				-185368.37622109521,
				0.0,
				0.0,
				704247.524977386,
				-71711.272431221325,
				568355.0,
				0.0,
				0.0,
				-704247.524977386,
				0.0,
				-185368.37622109521,
				0.0,
				568355.0,
				0.0,
				71711.272431221325,
				185368.37622109521,
				0.0,
				0.0,
				0.0,
				568355.0
			],
			"source_node_id" : 3,
			"target_node_id" : 4,
			"transformation" : 
			[
				0.99999933030176158,
				0.00051126006552897161,
				-0.0010382722066452695,
				0.0,
				-0.00051095153895856001,
				0.99999982524165432,
				0.00029739735381245798,
				0.0,
				0.0010384240725891301,
				-0.00029686664786412873,
				0.99999941677264959,
				0.0,
				0.0083164003422601922,
				0.00037882235951730369,
				-0.00063998054402228616,
				1.0
			],
			"uncertain" : false,
			"version_major" : 1,
			"version_minor" : 0
		},
		{
			"class_name" : "PoseGraphEdge",
			"confidence" : 1.0,
			"information" : 
			[
				1101504.7703578705,
				-60619.735063345695,
				230535.6490296837,
				0.0,
				-705271.42272281647,
				71224.535253610346,
				-60619.735063345695,
				1329693.3253681154,
				-56423.997667331627,
				705271.42272281647,
				0.0,
				185096.03959363943,
				230535.6490296837,
				-56423.997667331627,
				417342.59710944915,
				-71224.535253610346,
				-185096.03959363943,
				0.0,
				0.0,
				705271.42272281647,
				-71224.535253610346,
				569673.0,
				0.0,
				0.0,
				-705271.42272281647,
				0.0,
				-185096.03959363943,
				0.0,
				569673.0,
				0.0,
				71224.535253610346,
				185096.03959363943,
				0.0,
				0.0,
				0.0,
				569673.0
			],
			"source_node_id" : 4,
			"target_node_id" : 5,
			"transformation" : 
			[
				0.99999985586589313,
				0.00050323060826187817,
				-0.0001871554103106741,
				0.0,
				-0.00050328793323603852,
				0.99999982641771723,
				-0.00030637524732538674,
				0.0,
				0.00018700120042174185,
				0.00030646939622591446,
				0.99999993555352784,
				0.0,
				0.010138937832553997,
				-0.00010070251741315071,
				-0.00043335902773566324,
				1.0
			],
			"uncertain" : false,
			"version_major" : 1,
			"version_minor" : 0
		},
		{
			"class_name" : "PoseGraphEdge",
			"confidence" : 1.0,
			"information" : 
			[
				1095626.3310422446,
				-59957.677432430908,
				229384.88633040313,
				0.0,
				-703880.38634938002,
				71185.348814198631,
				-59957.677432430908,
				1322522.3142374302,
				-56907.930583174792,
				703880.38634938002,
				0.0,
				185197.8045634795,
				229384.88633040313,
				-56907.930583174792,
				415034.9004927309,
				-71185.348814198631,
				-185197.8045634795,
				0.0,
				0.0,
				703880.38634938002,
				-71185.348814198631,
				569930.0,
				0.0,
				0.0,
				-703880.38634938002,
				0.0,
				-185197.8045634795,
				0.0,
				569930.0,
				0.0,
				71185.348814198631,
				185197.8045634795,
				0.0,
				0.0,
				0.0,
				569930.0
			],
			"source_node_id" : 5,
			"target_node_id" : 6,
			"transformation" : 
			[
				0.99999766232519349,
				0.00042441288610214363,
				-0.0021201928807432296,
				0.0,
				-0.00042503812909032521,
				0.99999986631875526,
				-0.00029445723026863687,
				0.0,
				0.0021200676258702786,
				0.00029535770473872896,
				0.99999770903591978,
				0.0,
				0.0072207616234662431,
				-0.00044679957886532921,
				-0.0012664632310896494,
				1.0
			],
			"uncertain" : false,
			"version_major" : 1,
			"version_minor" : 0
		},
		{
			"class_name" : "PoseGraphEdge",
			"confidence" : 1.0,
			"information" : 
			[
				1101289.1164819973,
				-60636.59644245154,
				229216.64721334659,
				0.0,
				-707497.7114264369,
				70454.07142230391,
				-60636.59644245154,
				1328543.3137727343,
				-55868.105009760569,
				707497.7114264369,
				0.0,
				185663.93416138273,
				229216.64721334659,
				-55868.105009760569,
				416698.83393743343,
				-70454.07142230391,
				-185663.93416138273,
				0.0,
				0.0,
				707497.7114264369,
				-70454.07142230391,
				572666.0,
				0.0,
				0.0,
				-707497.7114264369,
				0.0,
				-185663.93416138273,
				0.0,
				572666.0,
				0.0,
				70454.07142230391,
				185663.93416138273,
				0.0,
				0.0,
				0.0,
				572666.0
			],
			"source_node_id" : 6,
			"target_node_id" : 7,
			"transformation" : 
			[
				0.9999995973645861,
				0.00010846085596997468,
				-0.00089079004835042547,
				0.0,
				-0.00010794728044620502,
				0.99999982795880782,
				0.0005765672038921222,
				0.0,
				0.00089085243007029928,
				-0.00057647081338258052,
				0.99999943703151628,
				0.0,
				0.0087673238738579032,
				0.00067255043797991173,
				-0.00045057835223992455,
				1.0
			],
			"uncertain" : false,
			"version_major" : 1,
			"version_minor" : 0
		},
		{
			"class_name" : "PoseGraphEdge",
			"confidence" : 1.0,
			"information" : 
			[
				1098970.0427230988,
				-60318.920546190988,
				227661.98657970966,
				0.0,
				-707437.23481601477,
				70336.651838596677,
				-60318.920546190988,
				1325207.5009765893,
				-55955.56159032484,
				707437.23481601477,
				0.0,
				185384.76406392502,
				227661.98657970966,
				-55955.56159032484,
				415328.1739591051,
				-70336.651838596677,
				-185384.76406392502,
				0.0,
				0.0,
				707437.23481601477,
				-70336.651838596677,
				573559.0,
				0.0,
				0.0,
				-707437.23481601477,
				0.0,
				-185384.76406392502,
				0.0,
				573559.0,
				0.0,
				70336.651838596677,
				185384.76406392502,
				0.0,
				0.0,
				0.0,
				573559.0
			],
			"source_node_id" : 7,
			"target_node_id" : 8,
			"transformation" : 
			[
				0.99999950563652418,
				0.00051977128717898776,
				-0.00084768184902986039,
				0.0,
				-0.00051959040976261273,
				0.99999984220358007,
				0.00021358516176137591,
				0.0,
				0.00084779273070315,
				-0.00021314460881338866,
				0.9999996179083579,
				0.0,
				0.0089786566305709459,
				0.00035438062117002254,
				-0.00047928723609828102,
				1.0
			],
			"uncertain" : false,
			"version_major" : 1,
			"version_minor" : 0
		},
		{
			"class_name" : "PoseGraphEdge",
			"confidence" : 1.0,
			"information" : 
			[
				1095187.5222195964,
				-60112.733400096833,
				226338.94532570659,
				0.0,
				-706952.03502112627,
				70119.035419656197,
				-60112.733400096833,
				1320584.0920085902,
				-56031.316403566103,
				706952.03502112627,
				0.0,
				185297.6353758336,
				226338.94532570659,
				-56031.316403566103,
				414043.60253031692,
				-70119.035419656197,
				-185297.6353758336,
				0.0,
				0.0,
				706952.03502112627,
				-70119.035419656197,
				574322.0,
				0.0,
				0.0,
				-706952.03502112627,
				0.0,
				-185297.6353758336,
				0.0,
				574322.0,
				0.0,
				70119.035419656197,
				185297.6353758336,
				0.0,
				0.0,
				0.0,
				574322.0
			],
			"source_node_id" : 8,
			"target_node_id" : 9,
			"transformation" : 
			[
				0.99999937045383347,
				0.00062808346273069175,
				-0.00092984036276497857,
				0.0,
				-0.00062825420156798265,
				0.99999978584135063,
				-0.00018334096754908229,
				0.0,
				0.00092972501020186611,
				0.00018392502824217651,
				0.99999955089139381,
				0.0,
				0.0089780124352196004,
				-0.00026935908923026634,
				-0.00090508400054735807,
				1.0
			],
			"uncertain" : false,
			"version_major" : 1,
			"version_minor" : 0
		},
		{
			"class_name" : "PoseGraphEdge",
			"confidence" : 1.0,
			"information" : 
			[
				1098650.2022868751,
				-60426.243829239917,
				226645.38863812282,
				0.0,
				-709481.83059412241,
				69364.994860609411,
				-60426.243829239917,
				1323953.3239407132,
				-55076.18063624949,
				709481.83059412241,
				0.0,
				186037.6607517557,
				226645.38863812282,
				-55076.18063624949,
				414645.57165026828,
				-69364.994860609411,
				-186037.6607517557,
				0.0,
				0.0,
				709481.83059412241,
				-69364.994860609411,
				576338.0,
				0.0,
				0.0,
				-709481.83059412241,
				0.0,
				-186037.6607517557,
				0.0,
				576338.0,
				0.0,
				69364.994860609411,
				186037.6607517557,
				0.0,
				0.0,
				0.0,
				576338.0
			],
			"source_node_id" : 9,
			"target_node_id" : 10,
			"transformation" : 
			[
				0.99999949941381094,
				0.00036667675167167442,
				-0.00093097813444266582,
				0.0,
				-0.0003663815840588392,
				0.99999988257376193,
				0.00031720182246968272,
				0.0,
				0.00093109433565529234,
				-0.00031686057043920886,
				0.99999951633124151,
				0.0,
				0.0086535153217932315,
				0.00052564876436912733,
				-0.00078537735773426525,
				1.0
			],
			"uncertain" : false,
			"version_major" : 1,
			"version_minor" : 0
		},
		{
			"class_name" : "PoseGraphEdge",
			"confidence" : 1.0,
			"information" : 
			[
				1098751.8495427247,
				-60470.625196438283,
				225389.2042696866,
				0.0,
				-710497.29181665182,
				68981.608549280209,
				-60470.625196438283,
				1323045.2922952597,
				-54624.951615174235,
				710497.29181665182,
				0.0,
				185793.1313590369,
				225389.2042696866,
				-54624.951615174235,
				413775.72070823057,
				-68981.608549280209,
				-185793.1313590369,
				0.0,
				0.0,
				710497.29181665182,
				-68981.608549280209,
				577734.0,
				0.0,
				0.0,
				-710497.29181665182,
				0.0,
				-185793.1313590369,
				0.0,
				577734.0,
				0.0,
				68981.608549280209,
				185793.1313590369,
				0.0,
				0.0,
				0.0,
				577734.0
			],
			"source_node_id" : 10,
			"target_node_id" : 11,
			"transformation" : 
			[
				0.99999983445739782,
				0.00042419373220213574,
				-0.00038877352627319204,
				0.0,
				-0.00042419368522743627,
				0.99999991002983357,
				2.0328556682126597e-07,
				0.0,
				0.00038877357752763929,
				-3.8370258339852305e-08,
				0.99999992442754937,
				0.0,
				0.0098873581798690734,
				0.00027092434789468704,
				-0.00052002688463511043,
				1.0
			],
			"uncertain" : false,
			"version_major" : 1,
			"version_minor" : 0
		},
		{
			"class_name" : "PoseGraphEdge",
			"confidence" : 1.0,
			"information" : 
			[
				1090152.2744763319,
				-59689.331874926203,
				224122.45012919628,
				0.0,
				-707801.09617495537,
				68860.163570615579,
				-59689.331874926203,
				1313104.8375313142,
				-55135.066603516505,
				707801.09617495537,
				0.0,
				185989.86680634279,
				224122.45012919628,
				-55135.066603516505,
				411085.63615504792,
				-68860.163570615579,
				-185989.86680634279,
				0.0,
				0.0,
				707801.09617495537,
				-68860.163570615579,
				577212.0,
				0.0,
				0.0,
				-707801.09617495537,
				0.0,
				-185989.86680634279,
				0.0,
				577212.0,
				0.0,
				68860.163570615579,
				185989.86680634279,
				0.0,
				0.0,
				0.0,
				577212.0
			],
			"source_node_id" : 11,
			"target_node_id" : 12,
			"transformation" : 
			[
				0.99999641475027079,
				0.00041899549698071252,
				-0.0026447928795958948,
				0.0,
				-0.00041929285827731801,
				0.99999990583826037,
				-0.00011187926382694369,
				0.0,
				0.0026447457536498409,
				0.00011298780547788038,
				0.99999649627068865,
				0.0,
				0.0066545670356599031,
				-0.00027755620046808244,
				-0.0020779476859068523,
				1.0
			],
			"uncertain" : false,
			"version_major" : 1,
			"version_minor" : 0
		},
		{
			"class_name" : "PoseGraphEdge",
			"confidence" : 1.0,
			"information" : 
			[
				1096724.5953149938,
				-60294.454464241528,
				223872.92669709944,
				0.0,
				-712083.87701880932,
				68509.175716507132,
				-60294.454464241528,
				1319653.5602260879,
				-54364.711404756003,
				712083.87701880932,
				0.0,
				186197.37515865872,
				223872.92669709944,
				-54364.711404756003,
				412323.05072054116,
				-68509.175716507132,
				-186197.37515865872,
				0.0,
				0.0,
				712083.87701880932,
				-68509.175716507132,
				580682.0,
				0.0,
				0.0,
				-712083.87701880932,
				0.0,
				-186197.37515865872,
				0.0,
				580682.0,
				0.0,
				68509.175716507132,
				186197.37515865872,
				0.0,
				0.0,
				0.0,
				580682.0
			],
			"source_node_id" : 12,
			"target_node_id" : 13,
			"transformation" : 
			[
				0.99999959224870993,
				0.00051139909934263096,
				-0.00074429387583889027,
				0.0,
				-0.00051158320879327143,
				0.99999983858938624,
				-0.00024719187291862937,
				0.0,
				0.00074416734200078718,
				0.00024757254037511157,
				0.99999969246135478,
				0.0,
				0.0090039537772091654,
				-0.00011590685744994043,
				-0.0006151524291533152,
				1.0
			],
			"uncertain" : false,
			"version_major" : 1,
			"version_minor" : 0
		},
		{
			"class_name" : "PoseGraphEdge",
			"confidence" : 1.0,
			"information" : 
			[
				1095942.812793324,
				-60384.577051120374,
				222008.7749785386,
				0.0,
				-712810.29401433468,
				68190.147191292024,
				-60384.577051120374,
				1317950.4463060505,
				-54108.830728298824,
				712810.29401433468,
				0.0,
				185686.54902519193,
				222008.7749785386,
				-54108.830728298824,
				411572.7602671943,
				-68190.147191292024,
				-185686.54902519193,
				0.0,
				0.0,
				712810.29401433468,
				-68190.147191292024,
				582060.0,
				0.0,
				0.0,
				-712810.29401433468,
				0.0,
				-185686.54902519193,
				0.0,
				582060.0,
				0.0,
				68190.147191292024,
				185686.54902519193,
				0.0,
				0.0,
				0.0,
				582060.0
			],
			"source_node_id" : 13,
			"target_node_id" : 14,
			"transformation" : 
			[
				0.99999974394538205,
				0.00064071651439958743,
				-0.00031873424393232517,
				0.0,
				-0.000640727183116614,
				0.99999979417749962,
				-3.337115465013996e-05,
				0.0,
				0.00031871279687975746,
				3.3575367799580339e-05,
				0.99999994864742303,
				0.0,
				0.0098597770863128875,
				0.00013511838732701019,
				-0.00025698642635534654,
				1.0
			],
			"uncertain" : false,
			"version_major" : 1,
			"version_minor" : 0
		},
		{
			"class_name" : "PoseGraphEdge",
			"confidence" : 1.0,
			"information" : 
			[
				1091976.6210692471,
				-60183.966296729996,
				219465.43268385544,
				0.0,
				-712422.62595623732,
				68325.224660409847,
				-60183.966296729996,
				1313067.7953951175,
				-54716.044397438818,
				712422.62595623732,
				0.0,
				184742.22386464849,
				219465.43268385544,
				-54716.044397438818,
				410181.00173738383,
				-68325.224660409847,
				-184742.22386464849,
				0.0,
				0.0,
				712422.62595623732,
				-68325.224660409847,
				583011.0,
				0.0,
				0.0,
				-712422.62595623732,
				0.0,
				-184742.22386464849,
				0.0,
				583011.0,
				0.0,
				68325.224660409847,
				184742.22386464849,
				0.0,
				0.0,
				0.0,
				583011.0
			],
			"source_node_id" : 14,
			"target_node_id" : 15,
			"transformation" : 
			[
				0.99999960137318911,
				0.00053952689635346912,
				-0.00071145217103358856,
				0.0,
				-0.00053952789212771625,
				0.99999985445408712,
				-1.2077128070495856e-06,
				0.0,
				0.00071145141589109087,
				1.5915606158083736e-06,
				0.999999746917143,
				0.0,
				0.0093755784344410481,
				7.3076733037068006e-05,
				0.00048610538603801587,
				1.0
			],
			"uncertain" : false,
			"version_major" : 1,
			"version_minor" : 0
		},
		{
			"class_name" : "PoseGraphEdge",
			"confidence" : 1.0,
			"information" : 
			[
				1094020.3911803372,
				-60325.399996092034,
				220007.70236136939,
				0.0,
				-714178.31233745813,
				67417.855155173573,
				-60325.399996092034,
				1314716.3504450065,
				-53565.361967621517,
				714178.31233745813,
				0.0,
				185835.33158167882,
				220007.70236136939,
				-53565.361967621517,
				410342.99025232374,
				-67417.855155173573,
				-185835.33158167882,
				0.0,
				0.0,
				714178.31233745813,
				-67417.855155173573,
				584598.0,
				0.0,
				0.0,
				-714178.31233745813,
				0.0,
				-185835.33158167882,
				0.0,
				584598.0,
				0.0,
				67417.855155173573,
				185835.33158167882,
				0.0,
				0.0,
				0.0,
				584598.0
			],
			"source_node_id" : 15,
			"target_node_id" : 16,
			"transformation" : 
			[
				0.99999965518209732,
				0.0004243994701746593,
				-0.00071380723958906355,
				0.0,
				-0.00042406011975952351,
				0.99999979703958608,
				0.00047549321937580979,
				0.0,
				0.00071400889378482905,
				-0.00047519035823373056,
				0.99999963219264465,
				0.0,
				0.0092069258003923023,
				0.00058187187545836691,
				-0.00045936767613483537,
				1.0
			],
			"uncertain" : false,
			"version_major" : 1,
			"version_minor" : 0
		},
		{
			"class_name" : "PoseGraphEdge",
			"confidence" : 1.0,
			"information" : 
			[
				1094576.8108518347,
				-60386.04929517422,
				220226.87335362696,
				0.0,
				-715381.10627841949,
				66687.143136252533,
				-60386.04929517422,
				1314761.5090759462,
				-52676.287592842084,
				715381.10627841949,
				0.0,
				186502.31647542096,
				220226.87335362696,
				-52676.287592842084,
				409983.35471932648,
				-66687.143136252533,
				-186502.31647542096,
				0.0,
				0.0,
				715381.10627841949,
				-66687.143136252533,
				585962.0,
				0.0,
				0.0,
				-715381.10627841949,
				0.0,
				-186502.31647542096,
				0.0,
				585962.0,
				0.0,
				66687.143136252533,
				186502.31647542096,
				0.0,
				0.0,
				0.0,
				585962.0
			],
			"source_node_id" : 16,
			"target_node_id" : 17,
			"transformation" : 
			[
				0.99999942455822644,
				0.00039486689853348943,
				-0.00099747849504449346,
				0.0,
				-0.00039477957324547143,
				0.99999991822526302,
				8.7741410940397148e-05,
				0.0,
				0.00099751305965476919,
				-8.734757631572663e-05,
				0.99999949866892279,
				0.0,
				0.0086483001327730524,
				0.00030109849992922396,
				-0.0010505745605608283,
				1.0
			],
			"uncertain" : false,
			"version_major" : 1,
			"version_minor" : 0
		},
		{
			"class_name" : "PoseGraphEdge",
			"confidence" : 1.0,
			"information" : 
			[
				1091026.1387781797,
				-59918.205866762939,
				219056.25445425417,
				0.0,
				-715221.83113199472,
				66806.084966980387,
				-59918.205866762939,
				1309592.1165514691,
				-53100.680941920844,
				715221.83113199472,
				0.0,
				186262.53959421697,
				219056.25445425417,
				-53100.680941920844,
				407746.16410447622,
				-66806.084966980387,
				-186262.53959421697,
				0.0,
				0.0,
				715221.83113199472,
				-66806.084966980387,
				587126.0,
				0.0,
				0.0,
				-715221.83113199472,
				0.0,
				-186262.53959421697,
				0.0,
				587126.0,
				0.0,
				66806.084966980387,
				186262.53959421697,
				0.0,
				0.0,
				0.0,
				587126.0
			],
			"source_node_id" : 17,
			"target_node_id" : 18,
			"transformation" : 
			[
				0.99999763718069179,
				0.0002352600424153454,
				-0.0021610843910133113,
				0.0,
				-0.00023645024691068168,
				0.99999982051767788,
				-0.00055050512423012441,
				0.0,
				0.0021609544912779958,
				0.00055101481242383844,
				0.99999751332608977,
				0.0,
				0.0072819006129652645,
				-0.00061290298793264522,
				-0.00091089351599410245,
				1.0
			],
			"uncertain" : false,
			"version_major" : 1,
			"version_minor" : 0
		},
		{
			"class_name" : "PoseGraphEdge",
			"confidence" : 1.0,
			"information" : 
			[
				1089605.0372923147,
				-60152.344158509979,
				216477.67172651557,
				0.0,
				-715758.49002695084,
				66538.029794702888,
				-60152.344158509979,
				1308277.7854068789,
				-53118.188540903371,
				715758.49002695084,
				0.0,
				185616.71849232633,
				216477.67172651557,
				-53118.188540903371,
				407919.6075805999,
				-66538.029794702888,
				-185616.71849232633,
				0.0,
				0.0,
				715758.49002695084,
				-66538.029794702888,
				588401.0,
				0.0,
				0.0,
				-715758.49002695084,
				0.0,
				-185616.71849232633,
				0.0,
				588401.0,
				0.0,
				66538.029794702888,
				185616.71849232633,
				0.0,
				0.0,
				0.0,
				588401.0
			],
			"source_node_id" : 18,
			"target_node_id" : 19,
			"transformation" : 
			[
				0.99999965438073535,
				0.00038013515488522192,
				-0.00073941576503226019,
				0.0,
				-0.0003798980564018374,
				0.99999987639185539,
				0.00032077054194114485,
				0.0,
				0.00073953760979409268,
				-0.00032048952846465688,
				0.99999967518523991,
				0.0,
				0.0091809501660725917,
				0.00043035395283515276,
				-0.00043456675372757254,
				1.0
			],
			"uncertain" : false,
			"version_major" : 1,
			"version_minor" : 0
		},
		{
			"class_name" : "PoseGraphEdge",
			"confidence" : 1.0,
			"information" : 
			[
				1090508.6974139896,
				-60166.14763218334,
				216316.04427902857,
				0.0,
				-717263.5072427392,
				66025.879871760961,
				-60166.14763218334,
				1308870.8663714651,
				-52628.533520635538,
				717263.5072427392,
				0.0,
				186122.07836716669,
				216316.04427902857,
				-52628.533520635538,
				407808.50631366268,
				-66025.879871760961,
				-186122.07836716669,
				0.0,
				0.0,
				717263.5072427392,
				-66025.879871760961,
				590015.0,
				0.0,
				0.0,
				-717263.5072427392,
				0.0,
				-186122.07836716669,
				0.0,
				590015.0,
				0.0,
				66025.879871760961,
				186122.07836716669,
				0.0,
				0.0,
				0.0,
				590015.0
			],
			"source_node_id" : 19,
			"target_node_id" : 20,
			"transformation" : 
			[
				0.99999966717377498,
				0.00026015133650026968,
				-0.00077328754118551101,
				0.0,
				-0.00025979629128851281,
				0.9999998608195263,
				0.00045920236894687644,
				0.0,
				0.00077340689566899278,
				-0.00045900131887698586,
				0.99999959557970008,
				0.0,
				0.0088326447693487624,
				0.00058698153061769918,
				-0.00067711437604164643,
				1.0
			],
			"uncertain" : false,
			"version_major" : 1,
			"version_minor" : 0
		},
		{
			"class_name" : "PoseGraphEdge",
			"confidence" : 1.0,
			"information" : 
			[
				1090574.1562531842,
				-60153.896694463088,
				215241.01564129014,
				0.0,
				-718361.66906756163,
				65651.106340684812,
				-60153.896694463088,
				1307587.0610380101,
				-52115.761188335688,
				718361.66906756163,
				0.0,
				185894.94496957748,
				215241.01564129014,
				-52115.761188335688,
				406686.13437358139,
				-65651.106340684812,
				-185894.94496957748,
				0.0,
				0.0,
				718361.66906756163,
				-65651.106340684812,
				591640.0,
				0.0,
				0.0,
				-718361.66906756163,
				0.0,
				-185894.94496957748,
				0.0,
				591640.0,
				0.0,
				65651.106340684812,
				185894.94496957748,
				0.0,
				0.0,
				0.0,
				591640.0
			],
			"source_node_id" : 20,
			"target_node_id" : 21,
			"transformation" : 
			[
				0.99999944413576991,
				0.00067719243591343238,
				-0.00080816988001763393,
				0.0,
				-0.0006771309956713987,
				0.99999976783630817,
				7.6295116857516597e-05,
				0.0,
				0.00080822135886596952,
				-7.5747837572261308e-05,
				0.99999967052019623,
				0.0,
				0.0094317805173415748,
				5.5493488849945271e-05,
				-0.00060893505135994322,
				1.0
			],
			"uncertain" : false,
			"version_major" : 1,
			"version_minor" : 0
		},
		{
			"class_name" : "PoseGraphEdge",
			"confidence" : 1.0,
			"information" : 
			[
				1086669.8705169484,
				-60122.485459679701,
				213027.21415136746,
				0.0,
				-718159.01993042231,
				65822.242887836532,
				-60122.485459679701,
				1303434.8535678682,
				-52749.512037156921,
				718159.01993042231,
				0.0,
				185213.17833290249,
				213027.21415136746,
				-52749.512037156921,
				406022.8086291342,
				-65822.242887836532,
				-185213.17833290249,
				0.0,
				0.0,
				718159.01993042231,
				-65822.242887836532,
				592924.0,
				0.0,
				0.0,
				-718159.01993042231,
				0.0,
				-185213.17833290249,
				0.0,
				592924.0,
				0.0,
				65822.242887836532,
				185213.17833290249,
				0.0,
				0.0,
				0.0,
				592924.0
			],
			"source_node_id" : 21,
			"target_node_id" : 22,
			"transformation" : 
			[
				0.99999991402900701,
				4.8210765400224097e-07,
				-0.00041465858943310279,
				0.0,
				-2.1964683213997371e-07,
				0.99999979968315122,
				0.00063295624607452485,
				0.0,
				0.00041465881152305035,
				-0.00063295610058020308,
				0.9999997137122818,
				0.0,
				0.0097773338175356304,
				0.00058720878680380601,
				-0.00026774547938462895,
				1.0
			],
			"uncertain" : false,
			"version_major" : 1,
			"version_minor" : 0
		},
		{
			"class_name" : "PoseGraphEdge",
			"confidence" : 1.0,
			"information" : 
			[
				1088336.2084302797,
				-60165.281513165435,
				213261.25108921528,
				0.0,
				-719984.7586119771,
				65106.699596727616,
				-60165.281513165435,
				1304672.4426312929,
				-51908.444604995027,
				719984.7586119771,
				0.0,
				186024.52468486782,
				213261.25108921528,
				-51908.444604995027,
				406008.48308647051,
				-65106.699596727616,
				-186024.52468486782,
				0.0,
				0.0,
				719984.7586119771,
				-65106.699596727616,
				594657.0,
				0.0,
				0.0,
				-719984.7586119771,
				0.0,
				-186024.52468486782,
				0.0,
				594657.0,
				0.0,
				65106.699596727616,
				186024.52468486782,
				0.0,
				0.0,
				0.0,
				594657.0
			],
			"source_node_id" : 22,
			"target_node_id" : 23,
			"transformation" : 
			[
				0.9999996717500782,
				0.00022957828724814763,
				-0.00077704153395332363,
				0.0,
				-0.000229177884493684,
				0.99999984095049177,
				0.00051534113721757909,
				0.0,
				0.00077715972150087774,
				-0.0005151628873219788,
				0.99999956531488876,
				0.0,
				0.0087608007759902885,
				0.00053662502229175806,
				-0.00037909557081905796,
				1.0
			],
			"uncertain" : false,
			"version_major" : 1,
			"version_minor" : 0
		},
		{
			"class_name" : "PoseGraphEdge",
			"confidence" : 1.0,
			"information" : 
			[
				1086317.1034784811,
				-60118.744002252621,
				211954.96656909291,
				0.0,
				-719897.75360625982,
				64621.697337282472,
				-60118.744002252621,
				1301871.0703815643,
				-51528.30316044097,
				719897.75360625982,
				0.0,
				185785.94052115828,
				211954.96656909291,
				-51528.30316044097,
				405076.51700777427,
				-64621.697337282472,
				-185785.94052115828,
				0.0,
				0.0,
				719897.75360625982,
				-64621.697337282472,
				595297.0,
				0.0,
				0.0,
				-719897.75360625982,
				0.0,
				-185785.94052115828,
				0.0,
				595297.0,
				0.0,
				64621.697337282472,
				185785.94052115828,
				0.0,
				0.0,
				0.0,
				595297.0
			],
			"source_node_id" : 23,
			"target_node_id" : 24,
			"transformation" : 
			[
				0.99999978255433319,
				0.0001837708887479655,
				-0.00063333999325709248,
				0.0,
				-0.00018351907902449223,
				0.99999990410742878,
				0.00039762530286957,
				0.0,
				0.00063341300447979098,
				-0.00039750898643539715,
				0.99999972038724694,
				0.0,
				0.0093763969761792906,
				0.00053650461246530486,
				-0.00054689441016731247,
				1.0
			],
			"uncertain" : false,
			"version_major" : 1,
			"version_minor" : 0
		},
		{
			"class_name" : "PoseGraphEdge",
			"confidence" : 1.0,
			"information" : 
			[
				1084700.3705543559,
				-60133.064885132502,
				211050.15486545573,
				0.0,
				-720615.67708921432,
				64319.903819678817,
				-60133.064885132502,
				1299508.5781100141,
				-51305.254926650101,
				720615.67708921432,
				0.0,
				185792.62851722399,
				211050.15486545573,
				-51305.254926650101,
				404305.44479892409,
				-64319.903819678817,
				-185792.62851722399,
				0.0,
				0.0,
				720615.67708921432,
				-64319.903819678817,
				596959.0,
				0.0,
				0.0,
				-720615.67708921432,
				0.0,
				-185792.62851722399,
				0.0,
				596959.0,
				0.0,
				64319.903819678817,
				185792.62851722399,
				0.0,
				0.0,
				0.0,
				596959.0
			],
			"source_node_id" : 24,
			"target_node_id" : 25,
			"transformation" : 
			[
				0.99999980912134512,
				0.00055474852899558224,
				-0.00027205025704100325,
				0.0,
				-0.00055480505226258338,
				0.99999982451847558,
				-0.00020773630317936619,
				0.0,
				0.00027193496789259532,
				0.00020788719838401464,
				0.99999994141714088,
				0.0,
				0.0099195656463720288,
				-1.8948425809525107e-05,
				-0.00039457318284019882,
				1.0
			],
			"uncertain" : false,
			"version_major" : 1,
			"version_minor" : 0
		},
		{
			"class_name" : "PoseGraphEdge",
			"confidence" : 1.0,
			"information" : 
			[
				1088198.0078774441,
				-60370.813184428305,
				211519.82408100073,
				0.0,
				-723083.11746829748,
				63499.518505282467,
				-60370.813184428305,
				1302802.2423142693,
				-50196.082026864431,
				723083.11746829748,
				0.0,
				186525.17286029086,
				211519.82408100073,
				-50196.082026864431,
				404755.50731540396,
				-63499.518505282467,
				-186525.17286029086,
				0.0,
				0.0,
				723083.11746829748,
				-63499.518505282467,
				598866.0,
				0.0,
				0.0,
				-723083.11746829748,
				0.0,
				-186525.17286029086,
				0.0,
				598866.0,
				0.0,
				63499.518505282467,
				186525.17286029086,
				0.0,
				0.0,
				0.0,
				598866.0
			],
			"source_node_id" : 25,
			"target_node_id" : 26,
			"transformation" : 
			[
				0.9999997048987056,
				0.00017293996869350621,
				-0.0007485280683110487,
				0.0,
				-0.00017268059730399363,
				0.99999992503901902,
				0.0003465593275824878,
				0.0,
				0.00074858794615991116,
				-0.00034642996903844778,
				0.99999965980112371,
				0.0,
				0.0089950589445429788,
				0.00050080516287908479,
				-0.00065723637159283469,
				1.0
			],
			"uncertain" : false,
			"version_major" : 1,
			"version_minor" : 0
		},
		{
			"class_name" : "PoseGraphEdge",
			"confidence" : 1.0,
			"information" : 
			[
				1089947.2918622463,
				-60594.256591556579,
				210913.60232247121,
				0.0,
				-725320.28813111782,
				63099.623476944747,
				-60594.256591556579,
				1303755.4430445263,
				-49581.388585470551,
				725320.28813111782,
				0.0,
				186548.00198161602,
				210913.60232247121,
				-49581.388585470551,
				404616.89454210585,
				-63099.623476944747,
				-186548.00198161602,
				0.0,
				0.0,
				725320.28813111782,
				-63099.623476944747,
				601383.0,
				0.0,
				0.0,
				-725320.28813111782,
				0.0,
				-186548.00198161602,
				0.0,
				601383.0,
				0.0,
				63099.623476944747,
				186548.00198161602,
				0.0,
				0.0,
				0.0,
				601383.0
			],
			"source_node_id" : 26,
			"target_node_id" : 27,
			"transformation" : 
			[
				0.99999982171515467,
				0.00016172400821922771,
				-0.00057481736561641099,
				0.0,
				-0.00016147629622155637,
				0.99999989409916012,
				0.00043096063994927655,
				0.0,
				0.00057488700142484662,
				-0.00043086774373632099,
				0.99999974192892838,
				0.0,
				0.0094505684185445821,
				0.00044084391789266954,
				-0.0003426628045960393,
				1.0
			],
			"uncertain" : false,
			"version_major" : 1,
			"version_minor" : 0
		},
		{
			"class_name" : "PoseGraphEdge",
			"confidence" : 1.0,
			"information" : 
			[
				1088108.2764098011,
				-60573.91087292818,
				210426.54474022373,
				0.0,
				-725642.25443464518,
				62489.557805453311,
				-60573.91087292818,
				1301573.1643260368,
				-49116.672455456115,
				725642.25443464518,
				0.0,
				186872.12536540173,
				210426.54474022373,
				-49116.672455456115,
				404073.59934863698,
				-62489.557805453311,
				-186872.12536540173,
				0.0,
				0.0,
				725642.25443464518,
				-62489.557805453311,
				602399.0,
				0.0,
				0.0,
				-725642.25443464518,
				0.0,
				-186872.12536540173,
				0.0,
				602399.0,
				0.0,
				62489.557805453311,
				186872.12536540173,
				0.0,
				0.0,
				0.0,
				602399.0
			],
			"source_node_id" : 27,
			"target_node_id" : 28,
			"transformation" : 
			[
				0.9999998743281987,
				0.00046042685027899353,
				-0.00019837011355656556,
				0.0,
				-0.00046044862125840634,
				0.99999988797455064,
				-0.00010971760382701155,
				0.0,
				0.00019831957440331942,
				0.00010980892928389008,
				0.99999997430567245,
				0.0,
				0.010082584190519706,
				0.0001693928178422527,
				-0.00045850456730586715,
				1.0
			],
			"uncertain" : false,
			"version_major" : 1,
			"version_minor" : 0
		},
		{
			"class_name" : "PoseGraphEdge",
			"confidence" : 1.0,
			"information" : 
			[
				1089781.4412856102,
				-60671.090982522575,
				210344.45777459905,
				0.0,
				-727440.20250356197,
				61963.514998366474,
				-60671.090982522575,
				1302857.2453983149,
				-48465.160333110507,
				727440.20250356197,
				0.0,
				187290.25466085901,
				210344.45777459905,
				-48465.160333110507,
				404067.45152197214,
				-61963.514998366474,
				-187290.25466085901,
				0.0,
				0.0,
				727440.20250356197,
				-61963.514998366474,
				604183.0,
				0.0,
				0.0,
				-727440.20250356197,
				0.0,
				-187290.25466085901,
				0.0,
				604183.0,
				0.0,
				61963.514998366474,
				187290.25466085901,
				0.0,
				0.0,
				0.0,
				604183.0
			],
			"source_node_id" : 28,
			"target_node_id" : 29,
			"transformation" : 
			[
				0.99999965448943429,
				0.00024003035656082374,
				-0.0007958683557327032,
				0.0,
				-0.00023976822538898077,
				0.99999991698890678,
				0.00032944404338647857,
				0.0,
				0.00079594736623800149,
				-0.00032925310561678333,
				0.99999962903002237,
				0.0,
				0.0089513070262079632,
				0.0004697740422915437,
				-0.00064831251549167274,
				1.0
			],
			"uncertain" : false,
			"version_major" : 1,
			"version_minor" : 0
		},
		{
			"class_name" : "PoseGraphEdge",
			"confidence" : 1.0,
			"information" : 
			[
				1092089.6467210946,
				-60874.799553838602,
				210092.25595905361,
				0.0,
				-729763.02571922541,
				61396.047505319468,
				-60874.799553838602,
				1304541.7176019379,
				-47695.137379528285,
				729763.02571922541,
				0.0,
				187440.30440174136,
				210092.25595905361,
				-47695.137379528285,
				404130.94438635412,
				-61396.047505319468,
				-187440.30440174136,
				0.0,
				0.0,
				729763.02571922541,
				-61396.047505319468,
				606455.0,
				0.0,
				0.0,
				-729763.02571922541,
				0.0,
				-187440.30440174136,
				0.0,
				606455.0,
				0.0,
				61396.047505319468,
				187440.30440174136,
				0.0,
				0.0,
				0.0,
				606455.0
			],
			"source_node_id" : 29,
			"target_node_id" : 30,
			"transformation" : 
			[
				0.99999976165642102,
				6.4444019174615585e-05,
				-0.00068741113553773855,
				0.0,
				-6.4033098352776906e-05,
				0.99999981927608828,
				0.00059778554040872383,
				0.0,
				0.00068744953500893811,
				-0.00059774138086552732,
				0.99999958505910347,
				0.0,
				0.0093938312888714442,
				0.00067567567266284745,
				-0.00039262558028364472,
				1.0
			],
			"uncertain" : false,
			"version_major" : 1,
			"version_minor" : 0
		},
		{
			"class_name" : "PoseGraphEdge",
			"confidence" : 1.0,
			"information" : 
			[
				1093451.7649775443,
				-60958.0276383948,
				210328.68038124169,
				0.0,
				-731604.54116386175,
				60778.844198561506,
				-60958.0276383948,
				1305617.3983309299,
				-46835.772954230459,
				731604.54116386175,
				0.0,
				187944.18381945603,
				210328.68038124169,
				-46835.772954230459,
				404377.00288502814,
				-60778.844198561506,
				-187944.18381945603,
				0.0,
				0.0,
				731604.54116386175,
				-60778.844198561506,
				608491.0,
				0.0,
				0.0,
				-731604.54116386175,
				0.0,
				-187944.18381945603,
				0.0,
				608491.0,
				0.0,
				60778.844198561506,
				187944.18381945603,
				0.0,
				0.0,
				0.0,
				608491.0
			],
			"source_node_id" : 30,
			"target_node_id" : 31,
			"transformation" : 
			[
				0.99999972255035396,
				0.00064282074989561208,
				-0.00037640496661735245,
				0.0,
				-0.00064286881976964008,
				0.9999997852188347,
				-0.00012760080326136797,
				0.0,
				0.00037632286132861261,
				0.00012784274687521443,
				0.99999992101866453,
				0.0,
				0.0096880788935207497,
				-1.5033662115402839e-05,
				-0.00033566279196388794,
				1.0
			],
			"uncertain" : false,
			"version_major" : 1,
			"version_minor" : 0
		},
		{
			"class_name" : "PoseGraphEdge",
			"confidence" : 1.0,
			"information" : 
			[
				1094202.1921598867,
				-60949.890373514376,
				210636.8682184192,
				0.0,
				-733005.96666169167,
				60339.004210766987,
				-60949.890373514376,
				1306844.2370176082,
				-46545.201115417367,
				733005.96666169167,
